date;doy;time;temp;pressure;humidity;pmy1;pmy2;pmy3;pmy4;pmy5;X;Y;Z;B;L
2021-10-06;255;00:00:00;22.0;100273;68;0;0;0;9999;9999;0;0;0;51.1146487520088;17.0711846678134
2021-10-06;255;00:00:01;30.0;100267;64;12;26;26;18;26;0;0;0;51.1146616525432;17.0710603508181
2021-10-06;255;00:00:02;34.0;100268;62;18;34;34;24;35;0;0;0;51.114674553077705;17.0709360338229
2021-10-06;255;00:00:03;22.0;100265;60;15;26;28;19;30;0;0;0;51.114687453612206;17.0708117168276
2021-10-06;255;00:00:04;26.0;100270;59;16;25;28;18;30;0;0;0;51.114700354146606;17.0706873998324
2021-10-06;255;00:00:05;31.0;100264;57;16;27;29;20;32;0;0;0;51.1147132546811;17.0705630828371
2021-10-06;255;00:00:06;35.0;100265;56;16;28;32;21;36;0;0;0;51.1147261552156;17.070438765841903
2021-10-06;255;00:00:07;40.0;100263;55;16;28;29;21;33;0;0;0;51.11473905575;17.0703144488466
2021-10-06;255;00:00:08;27.0;100258;56;16;27;29;20;32;0;0;0;51.1147519562845;17.0701901318514
2021-10-06;255;00:00:09;30.0;100261;56;16;27;28;20;31;0;0;0;51.114764856819;17.0700658148561
2021-10-06;255;00:00:10;27.0;100261;54;16;27;28;20;32;0;0;0;51.1147777573534;17.069941497860903
2021-10-06;255;00:00:11;21.0;100263;54;16;27;28;20;32;0;0;0;51.114790657887895;17.0698171808656
2021-10-06;255;00:00:12;39.0;100264;56;16;27;28;20;31;0;0;0;51.114803558422395;17.0696928638704
2021-10-06;255;00:00:13;24.0;100261;55;18;28;29;21;33;0;0;0;51.114816458956795;17.0695685468751
2021-10-06;255;00:00:14;23.0;100261;59;48;40;56;51;43;0;0;0;51.1148293594913;17.069444229879903
2021-10-06;255;00:00:15;33.0;100261;51;55;51;41;60;60;0;0;0;51.114842260025796;17.069319912884602
2021-10-06;255;00:00:16;30.0;100263;56;59;57;59;60;57;0;0;0;51.11485516056021;17.0691955958894
2021-10-06;255;00:00:17;35.0;100264;56;49;44;42;48;46;0;0;0;51.114868061094704;17.0690712788941
2021-10-06;255;00:00:18;30.0;100261;55;46;44;53;42;46;0;0;0;51.1148809616292;17.068946961898902
2021-10-06;255;00:00:19;38.0;100261;48;56;53;50;42;45;0;0;0;51.1148938621636;17.0688226449037
2021-10-06;255;00:00:20;38.0;100261;57;56;48;43;56;43;0;0;0;51.1149067626981;17.0686983279084
2021-10-06;255;00:00:21;35.0;100263;46;52;58;46;46;48;0;0;0;51.114919663232605;17.0685740109132
2021-10-06;255;00:00:22;20.0;100264;41;56;42;54;52;54;0;0;0;51.114932563767006;17.068449693917902
2021-10-06;255;00:00:23;21.0;100261;54;41;59;41;44;42;0;0;0;51.1149454643015;17.0683253769227
2021-10-06;255;00:00:24;29.0;100273;44;44;51;51;43;54;0;0;0;51.114958364836;17.0682010599274
2021-10-06;255;00:00:25;37.0;100267;44;46;52;47;54;41;0;0;0;51.1149712653704;17.0680767429322
2021-10-06;255;00:00:26;37.0;100268;55;57;52;41;52;50;0;0;0;51.11498416590489;17.0679524259369
2021-10-06;255;00:00:27;22.0;100265;51;57;44;56;51;51;0;0;0;51.1149970664394;17.067828108941697
2021-10-06;255;00:00:28;27.0;100270;60;49;53;52;52;48;0;0;0;51.1150099669738;17.0677037919464
2021-10-06;255;00:00:29;22.0;100264;53;49;51;42;56;51;0;0;0;51.115022867508294;17.0675794749512
2021-10-06;255;00:00:30;29.0;100265;53;51;58;40;48;55;0;0;0;51.115035768042794;17.067455157955898
2021-10-06;255;00:00:31;21.0;100263;47;58;55;46;60;51;0;0;0;51.1150486685772;17.067330840960697
2021-10-06;255;00:00:32;37.0;100258;54;52;42;46;44;45;0;0;0;51.1150615691117;17.0672065239654
2021-10-06;255;00:00:33;33.0;100261;60;50;45;56;54;57;0;0;0;51.1150744696462;17.0670822069702
2021-10-06;255;00:00:34;22.0;100261;44;57;58;40;54;45;0;0;0;51.115087370180596;17.066957889974898
2021-10-06;255;00:00:35;31.0;100263;53;44;57;41;46;48;0;0;0;51.115100270715104;17.066833572979696
2021-10-06;255;00:00:36;36.0;100264;43;60;58;42;54;45;0;0;0;51.1151131712496;17.0667092559844
2021-10-06;255;00:00:37;36.0;100261;59;48;43;45;50;55;0;0;0;51.115126071784;17.066584938989198
2021-10-06;255;00:00:38;28.0;100261;44;56;53;49;49;60;0;0;0;51.1151389723185;17.066460621994
2021-10-06;255;00:00:39;28.0;100261;46;58;54;40;60;52;0;0;0;51.115151872853005;17.0663363049987
2021-10-06;255;00:00:40;39.0;100263;44;59;44;58;60;42;0;0;0;51.11516477338739;17.0662119880035
2021-10-06;255;00:00:41;28.0;100264;53;45;45;45;50;45;0;0;0;51.1151776739219;17.066087671008198
2021-10-06;255;00:00:42;38.0;100261;44;52;51;44;47;56;0;0;0;51.1151905744564;17.065963354013
2021-10-06;255;00:00:43;34.0;100261;42;54;40;56;41;44;0;0;0;51.1152034749908;17.0658390370177
2021-10-06;255;00:00:44;37.0;100261;57;44;60;56;56;59;0;0;0;51.11521637552529;17.0657147200225
2021-10-06;255;00:00:45;30.0;100263;52;59;41;44;58;57;0;0;0;51.1152292760598;17.065590403027198
2021-10-06;255;00:00:46;38.0;100264;59;43;52;40;55;40;0;0;0;51.1152421765942;17.065466086032
2021-10-06;255;00:00:47;24.0;100261;54;51;56;56;55;46;0;0;0;51.11525507712871;17.0653417690367
2021-10-06;255;00:00:48;35.0;100273;51;46;57;51;44;47;0;0;0;51.1152679776632;17.065217452041498
2021-10-06;255;00:00:49;29.0;100267;42;52;56;48;44;54;0;0;0;51.1152808781976;17.065093135046197
2021-10-06;255;00:00:50;35.0;100268;41;50;47;50;50;53;0;0;0;51.1152937787321;17.064968818051
2021-10-06;255;00:00:51;32.0;100265;59;56;55;51;49;47;0;0;0;51.1153066792666;17.0648445010557
2021-10-06;255;00:00:52;30.0;100270;40;53;52;60;59;52;0;0;0;51.1153195798011;17.0647201840605
2021-10-06;255;00:00:53;24.0;100264;44;41;50;49;57;51;0;0;0;51.1153324803355;17.064595867065197
2021-10-06;255;00:00:54;28.0;100265;52;47;48;52;60;48;0;0;0;51.11534538087;17.064471550070003
2021-10-06;255;00:00:55;21.0;100263;44;40;45;41;59;47;0;0;0;51.1153582814045;17.0643472330747
2021-10-06;255;00:00:56;24.0;100258;42;51;53;48;57;47;0;0;0;51.1153711819389;17.0642229160795
2021-10-06;255;00:00:57;22.0;100261;44;46;53;54;52;58;0;0;0;51.115384082473405;17.0640985990843
2021-10-06;255;00:00:58;31.0;100261;47;40;50;53;49;46;0;0;0;51.1153969830079;17.063974282089
2021-10-06;255;00:00:59;23.0;100263;49;59;41;47;55;56;0;0;0;51.1154098835423;17.0638499650938
2021-10-06;255;00:01:00;34.0;100264;56;40;48;53;45;40;0;0;0;51.1154227840768;17.0637256480985
2021-10-06;255;00:01:01;38.0;100261;60;40;57;51;49;42;0;0;0;51.1154356846113;17.0636013311033
2021-10-06;255;00:01:02;28.0;100261;49;58;53;43;40;51;0;0;0;51.1154485851457;17.063477014108
2021-10-06;255;00:01:03;31.0;100261;47;59;52;42;41;57;0;0;0;51.1154614856802;17.0633526971128
2021-10-06;255;00:01:04;37.0;100263;44;44;58;50;53;52;0;0;0;51.11547438621471;17.0632283801175
2021-10-06;255;00:01:05;37.0;100264;56;60;49;55;49;44;0;0;0;51.11548728674911;17.0631040631223
2021-10-06;255;00:01:06;30.0;100261;40;57;51;42;41;52;0;0;0;51.1155001872836;17.062979746127
2021-10-06;255;00:01:07;31.0;100261;58;41;54;41;54;48;0;0;0;51.1155130878181;17.0628554291318
2021-10-06;255;00:01:08;26.0;100261;58;49;55;59;51;47;0;0;0;51.1155259883525;17.0627311121365
2021-10-06;255;00:01:09;36.0;100263;41;55;49;45;43;60;0;0;0;51.115538888886995;17.062606795141303
2021-10-06;255;00:01:10;28.0;100264;45;46;57;48;60;52;0;0;0;51.1155517894215;17.062482478146
2021-10-06;255;00:01:11;23.0;100261;46;44;56;57;56;54;0;0;0;51.1155646899559;17.0623581611508
2021-10-06;255;00:01:12;34.0;100273;42;46;59;57;42;41;0;0;0;51.115577590490396;17.0622338441555
2021-10-06;255;00:01:13;40.0;100267;49;45;47;51;53;57;0;0;0;51.115590491024896;17.062109527160302
2021-10-06;255;00:01:14;38.0;100268;51;49;54;52;44;45;0;0;0;51.1156033915593;17.0619852101651
2021-10-06;255;00:01:15;36.0;100265;57;41;47;50;50;42;0;0;0;51.115616292093804;17.0618608931698
2021-10-06;255;00:01:16;27.0;100270;51;52;48;53;51;60;0;0;0;51.1156291926283;17.0617365761746
2021-10-06;255;00:01:17;38.0;100264;48;52;57;48;40;54;0;0;0;51.1156420931627;17.061612259179302
2021-10-06;255;00:01:18;23.0;100265;53;60;45;54;44;42;0;0;0;51.115654993697206;17.0614879421841
2021-10-06;255;00:01:19;24.0;100263;48;52;55;57;49;58;0;0;0;51.1156678942317;17.0613636251888
2021-10-06;255;00:01:20;24.0;100258;54;40;56;47;57;58;0;0;0;51.1156807947661;17.0612393081936
2021-10-06;255;00:01:21;37.0;100261;42;56;48;42;48;51;0;0;0;51.1156936953006;17.061114991198302
2021-10-06;255;00:01:22;32.0;100261;41;52;52;53;44;58;0;0;0;51.11570659583511;17.0609906742031
2021-10-06;255;00:01:23;29.0;100263;56;51;58;47;58;60;0;0;0;51.11571949636949;17.0608663572078
2021-10-06;255;00:01:24;34.0;100264;53;45;46;54;51;58;0;0;0;51.115732396904;17.0607420402126
2021-10-06;255;00:01:25;38.0;100261;57;46;55;60;44;45;0;0;0;51.1157452974385;17.0606177232173
2021-10-06;255;00:01:26;36.0;100261;60;53;55;60;46;46;0;0;0;51.1157581979729;17.0604934062221
2021-10-06;255;00:01:27;20.0;100261;42;59;41;45;56;53;0;0;0;51.115771098507395;17.0603690892268
2021-10-06;255;00:01:28;37.0;100263;50;52;44;56;56;57;0;0;0;51.1157839990419;17.0602447722316
2021-10-06;255;00:01:29;34.0;100264;50;41;47;50;55;48;0;0;0;51.1157968995763;17.0601204552363
2021-10-06;255;00:01:30;39.0;100261;53;53;47;51;48;48;0;0;0;51.115809800110796;17.0599961382411
2021-10-06;255;00:01:31;40.0;100261;43;56;46;48;40;57;0;0;0;51.115822700645296;17.059871821245803
2021-10-06;255;00:01:32;37.0;100261;54;44;40;58;54;57;0;0;0;51.115835601179704;17.059747504250602
2021-10-06;255;00:01:33;31.0;100263;41;55;42;52;47;45;0;0;0;51.115848501714204;17.0596231872554
2021-10-06;255;00:01:34;29.0;100264;48;45;56;55;53;43;0;0;0;51.115861402248704;17.0594988702601
2021-10-06;255;00:01:35;36.0;100261;48;41;51;52;49;40;0;0;0;51.1158743027831;17.0593745532649
2021-10-06;255;00:01:36;32.0;100273;42;46;52;41;43;57;0;0;0;51.115887203317605;17.0592502362696
2021-10-06;255;00:01:37;36.0;100267;40;47;55;58;52;40;0;0;0;51.1159001038521;17.0591259192744
2021-10-06;255;00:01:38;22.0;100268;54;41;43;44;53;44;0;0;0;51.1159130043865;17.0590016022791
2021-10-06;255;00:01:39;29.0;100265;50;58;59;59;56;58;0;0;0;51.115925904921;17.0588772852839
2021-10-06;255;00:01:40;31.0;100270;56;48;59;41;54;48;0;0;0;51.11593880545551;17.0587529682886
2021-10-06;255;00:01:41;36.0;100264;41;57;57;45;45;44;0;0;0;51.11595170598989;17.0586286512934
2021-10-06;255;00:01:42;34.0;100265;53;56;54;41;50;44;0;0;0;51.1159646065244;17.0585043342981
2021-10-06;255;00:01:43;28.0;100263;42;51;59;59;49;58;0;0;0;51.11597750705889;17.0583800173029
2021-10-06;255;00:01:44;26.0;100258;46;50;47;46;42;58;0;0;0;51.1159904075933;17.0582557003076
2021-10-06;255;00:01:45;24.0;100261;49;51;57;45;45;41;0;0;0;51.116003308127794;17.0581313833124
2021-10-06;255;00:01:46;37.0;100261;54;52;53;49;40;53;0;0;0;51.1160162086623;17.0580070663171
2021-10-06;255;00:01:47;23.0;100263;43;48;51;47;42;50;0;0;0;51.1160291091967;17.057882749321898
2021-10-06;255;00:01:48;26.0;100264;43;49;43;52;51;60;0;0;0;51.11604200973121;17.0577584323266
2021-10-06;255;00:01:49;38.0;100261;40;44;44;40;58;49;0;0;0;51.1160549102657;17.0576341153314
2021-10-06;255;00:01:50;37.0;100261;53;42;52;53;56;49;0;0;0;51.116067810800104;17.0575097983361
2021-10-06;255;00:01:51;40.0;100261;45;51;46;50;56;55;0;0;0;51.116080711334604;17.057385481340898
2021-10-06;255;00:01:52;32.0;100263;59;45;48;51;58;59;0;0;0;51.116093611869104;17.057261164345697
2021-10-06;255;00:01:53;36.0;100264;60;53;59;59;55;50;0;0;0;51.1161065124035;17.0571368473504
2021-10-06;255;00:01:54;20.0;100261;42;48;57;45;45;59;0;0;0;51.116119412938005;17.0570125303552
2021-10-06;255;00:01:55;35.0;100261;43;46;43;60;56;46;0;0;0;51.1161323134725;17.0568882133599
2021-10-06;255;00:01:56;37.0;100261;47;54;40;60;47;55;0;0;0;51.1161452140069;17.0567638963647
2021-10-06;255;00:01:57;33.0;100263;43;59;48;48;43;58;0;0;0;51.1161581145414;17.0566395793694
2021-10-06;255;00:01:58;25.0;100264;55;55;51;47;44;46;0;0;0;51.116171015075906;17.056515262374198
2021-10-06;255;00:01:59;36.0;100261;43;40;50;49;51;50;0;0;0;51.11618391561029;17.0563909453789
2021-10-06;255;00:02:00;25.0;100273;57;41;48;46;51;47;0;0;0;51.1161968161448;17.0562666283837
2021-10-06;255;00:02:01;29.0;100267;44;49;56;44;45;47;0;0;0;51.11620971667929;17.0561423113884
2021-10-06;255;00:02:02;26.0;100268;48;51;58;43;54;41;0;0;0;51.11622261721379;17.056017994393198
2021-10-06;255;00:02:03;36.0;100265;44;46;40;47;48;55;0;0;0;51.1162355177482;17.0558936773979
2021-10-06;255;00:02:04;40.0;100270;59;53;42;53;46;54;0;0;0;51.1162484182827;17.0557693604027
2021-10-06;255;00:02:05;35.0;100264;51;54;54;53;40;52;0;0;0;51.11626131881721;17.0556450434074
2021-10-06;255;00:02:06;21.0;100265;50;50;49;51;54;56;0;0;0;51.116274219351595;17.055520726412198
2021-10-06;255;00:02:07;26.0;100263;58;54;46;48;53;51;0;0;0;51.1162871198861;17.0553964094169
2021-10-06;255;00:02:08;39.0;100258;47;45;47;52;49;41;0;0;0;51.116300020420596;17.0552720924217
2021-10-06;255;00:02:09;39.0;100261;48;54;45;49;55;51;0;0;0;51.116312920955;17.0551477754264
2021-10-06;255;00:02:10;33.0;100261;40;55;59;41;55;55;0;0;0;51.1163258214895;17.055023458431197
2021-10-06;255;00:02:11;39.0;100263;51;52;58;43;53;41;0;0;0;51.116338722024004;17.054899141436
2021-10-06;255;00:02:12;33.0;100264;44;59;52;45;60;55;0;0;0;51.116351622558405;17.0547748244407
2021-10-06;255;00:02:13;27.0;100261;47;41;58;45;44;40;0;0;0;51.1163645230929;17.0546505074455
2021-10-06;255;00:02:14;26.0;100261;45;55;48;45;44;43;0;0;0;51.1163774236274;17.054526190450197
2021-10-06;255;00:02:15;31.0;100261;51;52;40;58;49;52;0;0;0;51.1163903241618;17.054401873455
2021-10-06;255;00:02:16;25.0;100263;56;58;57;40;42;58;0;0;0;51.11640322469629;17.0542775564597
2021-10-06;255;00:02:17;36.0;100264;56;50;49;60;52;51;0;0;0;51.1164161252308;17.0541532394645
2021-10-06;255;00:02:18;24.0;100261;43;54;56;52;56;55;0;0;0;51.1164290257652;17.0540289224692
2021-10-06;255;00:02:19;28.0;100261;53;60;46;59;47;59;0;0;0;51.11644192629971;17.053904605474
2021-10-06;255;00:02:20;36.0;100261;42;51;53;43;47;55;0;0;0;51.1164548268342;17.0537802884787
2021-10-06;255;00:02:21;37.0;100263;53;45;59;57;49;57;0;0;0;51.1164677273686;17.0536559714835
2021-10-06;255;00:02:22;25.0;100264;59;57;59;52;46;44;0;0;0;51.1164806279031;17.0535316544882
2021-10-06;255;00:02:23;28.0;100261;59;50;54;57;49;53;0;0;0;51.1164935284376;17.053407337493
2021-10-06;255;00:02:24;38.0;100273;52;56;53;53;52;52;0;0;0;51.116506428971995;17.053283020497698
2021-10-06;255;00:02:25;31.0;100267;56;44;47;51;51;41;0;0;0;51.1165193295065;17.0531587035025
2021-10-06;255;00:02:26;20.0;100268;55;51;55;44;49;47;0;0;0;51.116532230040995;17.0530343865072
2021-10-06;255;00:02:27;30.0;100265;59;43;59;41;50;47;0;0;0;51.116545130575396;17.052910069512
2021-10-06;255;00:02:28;24.0;100270;59;51;59;40;51;55;0;0;0;51.116558031109896;17.0527857525168
2021-10-06;255;00:02:29;20.0;100264;50;42;40;42;45;59;0;0;0;51.116570931644404;17.0526614355215
2021-10-06;255;00:02:30;22.0;100265;48;51;60;44;54;51;0;0;0;51.11658383217879;17.052537118526303
2021-10-06;255;00:02:31;27.0;100263;41;52;57;48;60;48;0;0;0;51.1165967327133;17.052412801531
2021-10-06;255;00:02:32;39.0;100258;59;41;45;41;46;45;0;0;0;51.1166096332478;17.0522884845358
2021-10-06;255;00:02:33;37.0;100261;58;44;44;56;51;53;0;0;0;51.116622533782206;17.0521641675405
2021-10-06;255;00:02:34;31.0;100261;46;41;53;41;52;44;0;0;0;51.1166354343167;17.052039850545302
2021-10-06;255;00:02:35;27.0;100263;52;56;60;45;50;41;0;0;0;51.116648334851206;17.05191553355
2021-10-06;255;00:02:36;23.0;100264;41;42;43;60;44;46;0;0;0;51.1166612353856;17.0517912165548
2021-10-06;255;00:02:37;36.0;100261;54;55;49;48;45;47;0;0;0;51.11667413592011;17.0516668995595
2021-10-06;255;00:02:38;35.0;100261;54;58;51;54;46;42;0;0;0;51.1166870364546;17.051542582564302
