>	16:05:00	51.113172	17.062407	142.30	22	35	44	0.21	23.90	28.50	10.00537	0.00239	0.41420
										10.00297	-0.00718	0.41180
										9.99100	-0.00958	0.42617
										9.98861	-0.01437	0.41659
										9.98622	-0.01197	0.41180
										9.98622	-0.00718	0.41899
										9.98622	-0.00958	0.42138
										9.98382	-0.01437	0.42617
										9.99819	-0.01197	0.42617
										9.99340	-0.01676	0.42617
										9.99579	-0.01437	0.43574
										9.99340	-0.02155	0.41420
										10.00058	-0.00958	0.41420
										9.99340	-0.01437	0.42377
										9.98143	-0.01437	0.41899
										9.99100	-0.01676	0.42138
										9.98622	-0.01676	0.41659
										9.98861	-0.01437	0.41180
										9.99819	-0.01676	0.42856
										9.99340	-0.01676	0.42617
										9.98861	-0.00958	0.42377
										9.99100	-0.01437	0.43335
										9.99340	-0.01437	0.42856
										9.99340	-0.02394	0.40941
										9.99340	-0.01915	0.40462
										9.99340	-0.01915	0.41420
>	16:05:01	51.113174	17.062405	142.20	23	37	49	0.21	23.90	28.50	9.99819	-0.02394	0.42377
										10.00537	-0.02634	0.41899
										10.00058	-0.02394	0.41899
										9.99819	-0.02155	0.41420
										9.99579	-0.01676	0.42138
										9.98622	-0.01437	0.43814
										9.98861	-0.00958	0.43335
										9.99579	-0.01437	0.43096
										9.99100	-0.00718	0.42377
										9.99100	-0.00718	0.41180
										9.99100	-0.01915	0.41899
										9.99100	-0.01915	0.42377
										9.99819	-0.02394	0.42377
										9.99100	-0.01915	0.41659
										9.99100	-0.01676	0.42617
										9.99100	-0.01915	0.42377
										9.99819	-0.01915	0.41899
										9.99100	-0.01676	0.41180
										9.99340	-0.00718	0.40941
										10.00058	-0.01197	0.41899
										9.99819	-0.01676	0.41180
										9.98861	-0.01437	0.41659
										9.99579	-0.01676	0.43096
										9.97903	-0.00239	0.43096
										9.98382	-0.01197	0.40941
										9.98622	-0.01437	0.41659
>	16:05:02	51.113174	17.062402	142.20	23	37	50	0.21	23.90	28.40	9.99100	-0.02155	0.41899
										9.98622	-0.02394	0.42377
										9.98622	-0.02634	0.43335
										9.98382	-0.02394	0.43814
										9.98382	-0.02155	0.44293
										9.99100	-0.01915	0.43096
										9.99340	-0.01197	0.42138
										9.99819	-0.01676	0.42617
										9.99579	-0.01437	0.41899
										9.98861	-0.01197	0.43335
										9.98622	-0.00958	0.43096
										9.99100	-0.01437	0.42856
										9.99340	-0.00958	0.41659
										9.98861	-0.00958	0.42138
										9.98861	-0.00479	0.42138
										9.99819	-0.01197	0.42377
										9.99579	-0.00718	0.42377
										9.99819	-0.01197	0.40701
										9.99340	-0.01676	0.40701
										9.99340	-0.01437	0.43574
										10.00058	-0.01915	0.40701
										9.99100	-0.01915	0.41899
										9.99819	-0.01915	0.41899
										9.99100	-0.01676	0.40462
										9.99579	-0.01915	0.41659
										9.99819	-0.01197	0.41180
>	16:05:03	51.113174	17.062403	141.90	24	38	52	0.20	23.90	28.40	10.00297	-0.01915	0.42138
										10.00297	-0.01915	0.42617
										9.98861	-0.01915	0.41899
										9.99100	-0.02394	0.41899
										9.99819	-0.01915	0.41899
										9.99579	-0.01437	0.41420
										10.00297	-0.00479	0.41420
										9.98382	-0.01197	0.42138
										9.99819	-0.01197	0.41420
										9.98861	-0.00479	0.42138
										9.98382	-0.01437	0.42856
										9.98382	-0.01197	0.42138
										9.98622	-0.00958	0.41659
										9.99100	-0.00958	0.42138
										9.98143	-0.00718	0.42138
										10.00058	-0.01197	0.42377
										9.98861	-0.01915	0.41899
										9.98382	-0.01676	0.40941
										9.99819	-0.01915	0.40701
										9.99340	-0.02155	0.41420
										9.98861	-0.00958	0.41420
										9.99819	-0.01915	0.41899
										9.99340	-0.01197	0.41420
										9.99340	-0.01676	0.40941
										9.99579	-0.01197	0.42377
										9.99579	-0.00958	0.41899
>	16:05:04	51.113175	17.062401	142.00	25	39	53	0.20	23.90	28.40	9.98622	-0.01437	0.42617
										9.99340	-0.00958	0.42138
										9.98622	-0.00958	0.41420
										9.99340	-0.00958	0.40941
										9.99340	-0.01915	0.41659
										9.98861	-0.01437	0.42617
										9.99100	-0.01676	0.41659
										9.99819	-0.00958	0.41420
										9.99579	-0.01915	0.42617
										9.99579	-0.00718	0.39983
										9.98861	-0.00958	0.41899
										9.98382	-0.01676	0.40701
										9.98382	-0.02394	0.41180
										9.97903	-0.01676	0.41420
										9.99100	-0.01676	0.41180
										9.97903	-0.00718	0.41180
										9.98382	-0.01676	0.41659
										9.99340	-0.01437	0.42138
										9.99100	-0.01197	0.42138
										9.99579	-0.00239	0.41420
										9.99340	-0.00718	0.42617
										9.99579	-0.01676	0.42138
										9.99340	-0.01437	0.42617
										9.99100	-0.01197	0.41180
										9.99100	-0.01197	0.43335
										9.98861	-0.00479	0.41899
>	16:05:05	51.113176	17.062400	141.90	25	39	53	0.20	23.90	28.40	9.99579	-0.00958	0.41420
										9.98861	-0.01197	0.40701
										9.99100	-0.01197	0.41180
										9.99100	-0.00718	0.41420
										9.99340	-0.01437	0.41899
										9.98382	-0.01676	0.40462
										9.98622	-0.02634	0.41659
										9.97664	-0.01197	0.41420
										9.99100	-0.00718	0.42377
										9.99340	-0.01197	0.42617
										9.99579	-0.02155	0.40701
										10.00297	-0.01915	0.40462
										10.00058	-0.00958	0.40223
										9.99340	-0.01437	0.41899
										9.99100	-0.01676	0.41899
										9.98622	-0.00479	0.42377
										9.98622	-0.00958	0.41659
										9.96706	-0.01915	0.43335
										9.95270	-0.00718	0.40941
										9.99100	-0.00958	0.42138
										10.01495	-0.01676	0.42138
										9.97664	-0.01197	0.42617
										9.97664	-0.00718	0.42138
										10.00776	-0.01197	0.42617
										9.99819	-0.00958	0.44053
										9.98382	-0.01437	0.42617
>	16:05:06	51.113178	17.062398	141.80	26	39	49	0.20	23.90	28.40	9.99340	-0.00479	0.41659
										9.98861	-0.00239	0.41420
										9.99340	-0.00479	0.41180
										9.97664	-0.00718	0.42856
										9.97903	-0.01197	0.43574
										9.98382	-0.00718	0.41899
										9.99340	-0.01437	0.41899
										9.99100	-0.01197	0.42856
										9.98143	-0.01437	0.41899
										9.98622	-0.01915	0.39504
										9.98382	-0.01676	0.38786
										9.98382	-0.00958	0.41659
										9.98622	-0.00718	0.42138
										9.98622	-0.01676	0.41899
										9.99340	-0.02155	0.42138
										9.98861	-0.01915	0.41659
										9.98622	-0.00958	0.41420
										9.98143	-0.01915	0.41899
										9.97903	-0.00239	0.41180
										9.98861	-0.00718	0.40701
										9.98861	-0.00958	0.41659
										9.99340	-0.01915	0.41899
										10.00058	-0.01676	0.39983
										9.99819	-0.01197	0.40701
										9.99340	-0.01676	0.40701
										9.99579	-0.00958	0.41899
>	16:05:07	51.113179	17.062397	141.50	45	253	390	0.20	23.90	28.40	9.98861	-0.00958	0.41659
										9.98622	-0.01915	0.41659
										9.99340	-0.01676	0.41420
										9.98622	-0.01915	0.42617
										9.97664	-0.01676	0.42617
										9.99819	-0.02394	0.40223
										9.98622	-0.02155	0.42617
										9.98861	-0.00479	0.41420
										9.99100	-0.01437	0.41899
										10.00297	-0.01437	0.42138
										9.98622	-0.01915	0.41899
										9.99340	-0.01197	0.43335
										9.98861	-0.01197	0.43814
										9.99100	-0.01197	0.41899
										9.99819	-0.02394	0.42138
										9.99100	-0.01197	0.42377
										9.99579	-0.00958	0.41899
										9.99340	-0.00718	0.42377
										9.99100	-0.00239	0.43096
										10.00058	-0.01197	0.42138
										9.99100	-0.01676	0.40701
										10.00537	-0.01676	0.41420
										10.00058	-0.01437	0.41180
										9.99579	-0.01437	0.40941
										9.99100	-0.00958	0.41180
										10.00058	-0.01197	0.40941
>	16:05:08	51.113181	17.062396	141.20	445	652	789	0.47	23.90	28.40	10.00058	-0.02155	0.42617
										9.99579	-0.01437	0.40701
										9.99579	-0.02394	0.40701
										9.99100	-0.01915	0.40701
										9.99100	-0.01915	0.41659
										9.99579	-0.02155	0.42377
										9.99819	-0.02394	0.42856
										10.00297	-0.01676	0.43096
										9.99819	-0.01676	0.42138
										9.98861	-0.01437	0.42617
										9.98622	-0.01676	0.42617
										9.98382	-0.01915	0.41899
										9.99340	-0.01437	0.40701
										9.99819	-0.01197	0.40701
										9.99819	-0.01197	0.41899
										9.98622	-0.01915	0.42377
										9.99100	-0.01676	0.43096
										9.99579	-0.01437	0.41899
										9.98861	-0.00958	0.41659
										9.99100	-0.01915	0.41420
										9.99100	-0.02394	0.41420
										9.99100	-0.01437	0.39983
										10.00058	-0.01437	0.41899
										9.99340	-0.01437	0.41899
										10.00058	-0.01437	0.40701
										9.99819	-0.00958	0.41420
>	16:05:09	51.113182	17.062393	141.20	437	716	1101	1.03	23.90	28.40	9.99100	-0.00479	0.40701
										9.98622	-0.01197	0.39744
										9.98861	-0.00718	0.39983
										9.99100	-0.01197	0.40941
										10.00297	-0.01676	0.42138
										9.99579	-0.01676	0.41899
										9.99100	-0.01437	0.40223
										9.99579	-0.01915	0.40941
										9.99340	-0.02634	0.41180
										9.99340	-0.01676	0.42377
										9.99579	-0.02394	0.41420
										9.99340	-0.01197	0.41899
										9.99100	-0.01437	0.42138
										9.98382	-0.01676	0.41899
										9.98861	-0.00958	0.41899
										9.98382	-0.01676	0.41659
										9.98861	-0.01676	0.41659
										9.98861	-0.01676	0.41420
										9.99819	-0.01915	0.40701
										9.98143	-0.02155	0.41180
										10.00297	-0.01676	0.43096
										9.99340	-0.01437	0.43574
										10.00537	-0.01676	0.40462
										9.99819	-0.01197	0.41420
										9.98622	-0.01676	0.41180
										9.99579	-0.00239	0.41659
>	16:05:10	51.113183	17.062391	140.90	439	803	1549	1.52	23.90	28.50	9.99100	-0.00718	0.40941
										9.98622	-0.00958	0.41899
										9.98143	-0.01197	0.42617
										9.98861	-0.00958	0.42617
										9.98622	-0.01676	0.41420
										9.98861	-0.01197	0.41899
										9.98382	-0.00958	0.43096
										9.98622	-0.00958	0.41659
										9.99340	-0.02155	0.41659
										9.99340	-0.01915	0.41659
										10.00537	-0.01915	0.41659
										9.99100	-0.01197	0.42856
										9.98622	-0.02394	0.42617
										9.99340	-0.01676	0.42138
										9.99579	-0.01437	0.40941
										9.99579	-0.01437	0.43096
										9.98861	-0.01676	0.42617
										9.98861	-0.01676	0.41180
										9.99100	-0.01437	0.41899
										9.98861	-0.01197	0.41420
										9.99340	-0.01437	0.43335
										9.99340	-0.01676	0.42138
										9.98382	-0.01437	0.43096
										9.97664	-0.01676	0.41180
										9.98861	-0.01437	0.39504
										9.99100	-0.00958	0.40223
>	16:05:11	51.113184	17.062389	140.90	439	803	1549	1.52	23.90	28.50	9.98622	-0.01197	0.40462
										9.99100	-0.01197	0.41180
										9.98622	-0.01915	0.42138
										9.99100	-0.01915	0.40701
										9.99340	-0.01197	0.42617
										9.99100	-0.01437	0.42377
										9.99819	-0.00718	0.43096
										9.99819	-0.01676	0.40941
										9.99100	-0.01437	0.41420
										9.99579	-0.02155	0.43335
										9.99100	-0.01676	0.42856
										9.98622	-0.01915	0.41899
										9.99100	-0.02394	0.42138
										9.99340	-0.01437	0.42617
										9.98861	-0.02394	0.43574
										9.98861	-0.01676	0.41420
										9.98382	-0.01437	0.42377
										9.99100	-0.01676	0.43574
										9.99340	-0.02634	0.41899
										9.98861	-0.02155	0.41180
										9.99819	-0.00958	0.40941
										9.99579	-0.00958	0.40701
										9.98382	-0.02155	0.40223
										9.98143	-0.01676	0.41180
										9.98861	-0.01437	0.41180
										10.00297	-0.01437	0.42138
>	16:05:12	51.113185	17.062388	140.70	439	924	2128	1.81	23.90	28.50	10.00058	-0.01437	0.43335
										10.00058	-0.00718	0.42138
										10.00297	0.00239	0.42856
										9.99100	-0.01676	0.43096
										9.99340	-0.01197	0.41659
										9.98861	-0.00958	0.41420
										9.98622	-0.01676	0.41420
										9.99340	-0.01915	0.41899
										9.98382	-0.01197	0.42138
										9.98382	-0.00958	0.42377
										9.99340	-0.01197	0.41659
										9.99340	-0.00479	0.42617
										9.98861	-0.01197	0.43096
										9.98382	-0.01197	0.42377
										9.98861	-0.01197	0.42377
										9.98861	-0.01197	0.42138
										9.98861	-0.00958	0.42617
										9.99579	-0.01437	0.42138
										9.99579	-0.01676	0.41180
										9.98861	-0.00958	0.40462
										9.98861	-0.01437	0.42138
										9.99100	-0.02155	0.41899
										10.01016	-0.01915	0.42617
										10.00537	-0.01915	0.41180
										10.00058	-0.00958	0.40941
										9.99100	-0.01437	0.42377
>	16:05:13	51.113185	17.062387	140.60	446	1089	2769	1.95	23.90	28.50	9.99340	-0.01676	0.41420
										9.99819	-0.01676	0.41659
										9.99579	-0.01676	0.42377
										9.99100	-0.00958	0.42856
										9.98382	-0.00718	0.42377
										9.99100	-0.00958	0.41180
										10.00058	-0.00718	0.43335
										9.99579	-0.01676	0.44293
										9.99819	-0.01437	0.42856
										9.99100	-0.01437	0.41420
										9.99579	-0.01676	0.40462
										9.98861	-0.02155	0.40701
										9.99100	-0.02155	0.40701
										10.00058	-0.01437	0.42138
										9.98861	-0.01437	0.42856
										9.99100	-0.01197	0.41899
										9.98861	-0.01197	0.43335
										10.00058	-0.00958	0.42377
										9.99340	-0.01676	0.41659
										9.99100	-0.01437	0.41420
										9.99579	-0.01437	0.41180
										10.00058	-0.01915	0.40223
										9.99340	-0.00958	0.40701
										9.99579	-0.01915	0.40462
										9.99579	-0.01676	0.41420
										9.98861	-0.01676	0.42617
>	16:05:14	51.113184	17.062386	140.60	455	1282	3386	2.01	23.90	28.50	9.98622	-0.01437	0.41420
										9.98382	-0.01915	0.42138
										9.99100	-0.01437	0.41420
										9.98861	-0.01437	0.41420
										9.99100	-0.01437	0.42377
										9.99100	-0.01676	0.41180
										9.99819	-0.01915	0.41899
										9.99579	-0.01676	0.43096
										9.99579	-0.01915	0.41659
										9.99819	-0.01197	0.41899
										9.99579	-0.01197	0.41899
										9.95270	0.00000	0.41899
										9.99100	-0.01676	0.41180
										10.01973	-0.01915	0.40941
										9.98622	-0.02155	0.41420
										9.95988	-0.00718	0.41420
										9.99100	-0.01915	0.40223
										10.01734	-0.01915	0.41899
										9.99100	-0.01437	0.41180
										9.98622	-0.01437	0.42617
										10.00297	-0.01676	0.43335
										10.00058	-0.01676	0.42138
										9.99819	-0.02155	0.41180
										9.98861	-0.01676	0.42377
										10.00537	-0.01676	0.43335
										9.99579	-0.02634	0.42856
>	16:05:15	51.113182	17.062385	140.60	483	1477	3851	2.02	23.90	28.50	9.99100	-0.01197	0.42138
										9.99579	-0.01676	0.41659
										9.98861	-0.02155	0.41899
										9.98861	-0.02155	0.40701
										9.98861	-0.01676	0.40701
										9.98861	-0.00958	0.40701
										10.00058	-0.00958	0.41659
										9.99340	-0.01437	0.42377
										9.99340	-0.02394	0.41180
										9.99579	-0.01437	0.41420
										10.00058	-0.02394	0.41180
										10.00058	-0.01437	0.40701
										9.99100	-0.01915	0.41899
										9.98861	-0.02155	0.43096
										9.99340	-0.00239	0.42377
										9.99100	-0.00958	0.43096
										9.99340	-0.01197	0.41899
										9.98861	-0.01676	0.41180
										9.98382	-0.01915	0.41899
										9.99100	-0.01437	0.41899
										9.98861	-0.01437	0.42377
										9.99100	-0.01676	0.40701
										9.98861	-0.01676	0.41659
										9.98861	-0.01915	0.42617
										9.98382	-0.00958	0.43096
										10.00297	-0.02155	0.43335
>	16:05:16	51.113181	17.062384	140.50	503	1606	4116	1.99	23.90	28.60	9.98382	-0.01197	0.41659
										9.98861	-0.01437	0.41899
										10.00058	-0.01437	0.40941
										9.99819	-0.00718	0.40701
										9.99340	-0.01676	0.40701
										9.99100	-0.01676	0.41899
										9.99819	-0.00958	0.42856
										9.99819	-0.01437	0.42138
										9.98382	-0.01437	0.43335
										9.98861	-0.01437	0.43574
										9.98143	-0.02155	0.42138
										9.99340	-0.02634	0.42377
										9.99579	-0.01915	0.41899
										9.99100	-0.00958	0.44293
										9.99340	-0.00958	0.42377
										9.99579	-0.02155	0.40941
										9.98143	-0.01676	0.42138
										9.99340	-0.01915	0.44293
										9.99579	-0.01197	0.43814
										9.99100	-0.01437	0.40941
										9.99100	-0.01915	0.40701
										9.99100	-0.01676	0.41180
										9.99100	-0.01676	0.40223
										9.99579	-0.02155	0.41899
										9.99579	-0.01437	0.41659
										9.98861	-0.01915	0.41659
>	16:05:17	51.113179	17.062382	140.60	526	1740	4366	1.94	23.90	28.60	9.99100	-0.01915	0.41420
										9.99579	-0.01437	0.40701
										9.99579	-0.01437	0.41420
										9.99340	-0.01915	0.41180
										9.99819	-0.01676	0.40462
										9.99579	-0.01915	0.39983
										9.98622	-0.00718	0.42377
										9.99579	-0.01437	0.42377
										9.99340	-0.02394	0.40941
										9.99579	-0.02155	0.40941
										9.98861	-0.01915	0.41420
										9.99579	-0.00479	0.41659
										9.97903	-0.00958	0.41899
										9.98382	-0.01197	0.40941
										9.98622	-0.02155	0.41420
										9.98861	-0.00958	0.41659
										10.00297	-0.01915	0.41899
										9.99100	-0.01437	0.39744
										9.99579	-0.00958	0.39744
										9.99100	-0.01915	0.40462
										9.99100	-0.01197	0.40941
										9.98861	-0.00718	0.42617
										9.98622	-0.00958	0.40462
										9.97664	-0.01915	0.41659
										9.99579	-0.01915	0.42138
										9.98861	-0.02155	0.42138
>	16:05:18	51.113178	17.062380	140.60	516	1581	4079	1.88	23.90	28.60	9.98861	-0.00958	0.42377
										9.99100	-0.01437	0.42138
										9.98622	-0.01197	0.41420
										9.98861	-0.01437	0.41659
										9.99819	-0.01676	0.41420
										9.99340	-0.01676	0.41659
										9.98861	-0.02634	0.40941
										9.99579	-0.01676	0.41420
										9.98382	-0.00958	0.42617
										9.99819	-0.00718	0.42617
										9.99579	-0.01197	0.40941
										9.99340	-0.02155	0.41420
										9.99579	-0.01437	0.42377
										9.98622	-0.01676	0.40941
										9.98143	-0.01197	0.42617
										9.98622	-0.01676	0.42138
										9.99579	-0.00958	0.42617
										9.99340	-0.00958	0.42138
										9.98861	-0.01197	0.43814
										9.99819	-0.00479	0.41899
										9.99340	-0.01197	0.42617
										9.98622	-0.01437	0.42617
										10.00058	-0.01437	0.42617
										10.00058	-0.01676	0.42617
										9.99100	-0.01197	0.43096
										9.99819	-0.01676	0.43574
>	16:05:19	51.113176	17.062380	140.40	147	1239	3760	1.80	23.90	28.60	9.99340	-0.02634	0.42377
										9.98382	-0.01676	0.41420
										9.99340	-0.01437	0.42377
										9.99579	-0.01676	0.43335
										9.99579	-0.01915	0.41659
										10.00058	-0.02394	0.41659
										10.00537	-0.01437	0.42617
										10.00058	-0.01915	0.43335
										9.99579	-0.00718	0.42377
										9.98861	-0.02155	0.42617
										9.99100	-0.02155	0.44053
										9.99819	-0.00718	0.42377
										9.99100	-0.02155	0.42617
										9.99579	-0.01197	0.41899
										9.99340	-0.01437	0.41899
										9.98382	-0.00958	0.41659
										9.98382	-0.01197	0.40462
										9.98861	-0.01915	0.41180
										9.99579	-0.01197	0.43335
										9.98382	-0.01437	0.42856
										9.99100	-0.02634	0.41420
										10.00297	-0.02634	0.41420
										10.00297	-0.01197	0.41899
										10.00297	-0.00958	0.42138
										9.99100	-0.00718	0.43096
										10.00058	-0.00239	0.41659
>	16:05:20	51.113176	17.062379	140.50	147	1239	3760	1.80	23.90	28.60	9.98622	-0.00718	0.41899
										9.98861	-0.00958	0.42377
										10.00297	-0.00479	0.42138
										9.99100	-0.01676	0.42377
										9.98382	-0.02155	0.42617
										9.98861	-0.01915	0.42617
										10.00058	-0.01197	0.41420
										9.99579	-0.02155	0.42617
										9.99340	-0.01915	0.41420
										9.99579	-0.01915	0.41420
										10.00297	-0.01197	0.41420
										9.99819	-0.00718	0.42856
										9.98143	-0.00958	0.41180
										9.98861	-0.00479	0.41420
										10.00058	-0.00718	0.43096
										10.00297	-0.00718	0.43096
										9.98861	-0.01915	0.43574
										9.98861	-0.01915	0.41180
										9.99819	-0.02155	0.41899
										9.97903	-0.01437	0.42377
										9.98382	-0.01437	0.41659
										9.99100	-0.01197	0.41899
										9.97903	-0.00958	0.42138
										9.98861	-0.01915	0.42377
										9.99579	-0.01676	0.42377
										9.98622	-0.01915	0.42617
>	16:05:21	51.113175	17.062379	140.50	163	1190	3467	1.72	23.90	28.70	9.99819	-0.01437	0.40223
										9.99819	-0.01676	0.40701
										10.00058	-0.01915	0.42138
										9.99819	-0.01197	0.41659
										9.99579	-0.01437	0.41659
										9.99579	-0.01197	0.42617
										9.99340	-0.01437	0.40941
										9.99100	-0.01197	0.40941
										9.98622	-0.00718	0.40941
										9.99340	-0.00958	0.40701
										9.98382	-0.00239	0.41180
										10.00058	-0.01437	0.41899
										9.99819	-0.01676	0.41659
										9.99340	-0.01676	0.40462
										9.98622	-0.01915	0.41659
										9.99579	-0.01437	0.41180
										9.99579	-0.01197	0.41180
										9.97903	-0.00479	0.40941
										9.99100	-0.00958	0.42138
										9.99579	-0.01437	0.40941
										9.98861	-0.01197	0.40223
										9.99100	-0.01676	0.41899
										9.98622	-0.00958	0.42377
										9.99819	-0.01437	0.42617
										9.97903	-0.01437	0.43335
										9.98622	-0.01676	0.42617
>	16:05:22	51.113175	17.062379	140.60	178	1138	3063	1.64	23.90	28.70	9.98143	-0.00958	0.42617
										9.98382	-0.01437	0.41659
										9.97903	-0.01197	0.41420
										9.97903	-0.01197	0.41659
										9.98622	-0.01437	0.42138
										10.00058	-0.01437	0.41180
										10.00058	-0.01197	0.42377
										9.99579	-0.01197	0.41899
										10.00058	-0.01676	0.41180
										9.99100	-0.01915	0.41899
										9.98861	-0.01437	0.44053
										9.99340	-0.00958	0.41659
										9.98622	-0.00718	0.39265
										9.99340	-0.00239	0.41420
										9.97664	-0.01197	0.42377
										9.98861	-0.01437	0.42138
										9.98382	-0.01437	0.42138
										9.99579	-0.01437	0.42377
										9.99340	-0.01676	0.43096
										9.99100	-0.01197	0.41899
										9.99579	-0.01676	0.40701
										9.99819	-0.02873	0.41420
										10.00058	-0.01915	0.41420
										9.99579	-0.02394	0.41659
										9.99819	-0.01915	0.39504
										9.99579	-0.01915	0.40223
>	16:05:23	51.113176	17.062380	141.10	185	1032	2489	1.56	23.90	28.70	9.99579	-0.01197	0.41659
										9.98861	-0.01197	0.41659
										9.99340	-0.00718	0.41899
										9.99100	-0.01437	0.41899
										9.98622	-0.01676	0.43096
										9.99819	-0.01676	0.42377
										9.99579	-0.01437	0.42856
										9.99340	-0.01437	0.41420
										9.98382	-0.01437	0.41420
										9.98622	-0.02394	0.42377
										9.99100	-0.02394	0.41659
										9.99579	-0.02155	0.41420
										9.99100	-0.01676	0.41659
										9.98382	-0.01676	0.42856
										9.98382	-0.01437	0.41899
										9.98622	-0.02155	0.42377
										9.99100	-0.01915	0.43574
										9.98382	-0.01915	0.43335
										9.99579	-0.00958	0.40223
										9.98861	-0.01197	0.41420
										9.99340	-0.01197	0.40462
										9.99819	-0.01197	0.40701
										9.98622	-0.01437	0.42138
										9.97903	-0.01676	0.40941
										9.98143	-0.01676	0.40701
										9.98622	-0.01676	0.41899
>	16:05:24	51.113174	17.062386	141.10	190	888	1867	1.49	23.90	28.70	9.98382	-0.01676	0.41420
										9.98622	-0.02394	0.40701
										9.98861	-0.01676	0.42377
										9.99579	-0.02155	0.40941
										10.00297	-0.01676	0.41659
										10.00058	-0.01437	0.42617
										10.00297	-0.00718	0.41899
										9.99100	-0.01197	0.41180
										9.98861	-0.01197	0.41180
										9.98622	-0.01676	0.42377
										9.98622	-0.01915	0.43335
										9.99579	-0.01676	0.41899
										9.99340	-0.00958	0.41659
										9.99100	-0.02155	0.40701
										9.99579	-0.01676	0.40462
										10.00537	-0.00479	0.41659
										9.99819	-0.01437	0.40701
										9.98382	-0.00958	0.41659
										9.98143	-0.01437	0.42377
										9.99100	-0.01676	0.41899
										9.98622	-0.01676	0.40941
										9.98861	-0.02155	0.42377
										9.99100	-0.02155	0.40941
										9.99100	-0.01915	0.41899
										9.99100	-0.01915	0.41420
										10.00297	-0.01197	0.41659
>	16:05:25	51.113174	17.062389	141.70	190	888	1867	1.49	23.90	28.70	10.00058	-0.01197	0.41659
										10.00776	-0.01197	0.43335
										9.99579	-0.00718	0.42856
										9.99579	-0.01915	0.42617
										10.00058	-0.01915	0.42617
										9.99579	-0.01915	0.42617
										9.99100	-0.02155	0.42617
										9.99579	-0.02155	0.42377
										9.99340	-0.00479	0.42617
										9.99579	-0.01676	0.42856
										9.98382	-0.01197	0.41420
										9.98861	-0.01197	0.42856
										9.98382	-0.01915	0.41180
										9.99340	-0.01197	0.41899
										9.99819	-0.02155	0.42377
										9.98861	-0.01915	0.41420
										9.99819	-0.02155	0.40941
										9.99340	-0.01915	0.41180
										9.99340	-0.01437	0.41659
										9.99340	-0.01915	0.41659
										9.99100	-0.01915	0.41420
										9.98861	-0.01197	0.40701
										9.98861	-0.01437	0.41180
										9.99579	-0.00479	0.42377
										9.98382	-0.00718	0.42138
										10.00297	-0.00718	0.40462
>	16:05:26	51.113174	17.062398	142.30	190	710	1264	1.41	23.90	28.70	9.99100	-0.01676	0.42138
										19.99158	-0.02394	0.83318
										9.99100	-0.01437	0.41659
										9.99579	-0.01915	0.41899
										9.99579	-0.02155	0.42377
										9.99579	-0.01676	0.42138
										9.99100	-0.01437	0.41899
										10.00537	-0.01437	0.40462
										10.00058	-0.02155	0.40941
										9.99100	-0.01676	0.41420
										9.98861	-0.02155	0.40941
										9.99340	-0.01437	0.41659
										9.99819	-0.01437	0.42377
										9.99340	-0.00718	0.42138
										9.98622	-0.01197	0.42377
										9.98143	-0.00958	0.41180
										9.98861	-0.00479	0.42138
										10.00058	-0.01437	0.42138
										9.99579	-0.00958	0.40941
										9.99100	-0.01437	0.42617
										9.98861	-0.00958	0.41420
										9.99100	-0.01676	0.42617
										10.00058	-0.02634	0.42138
										9.99579	-0.02155	0.42138
										9.98622	-0.02394	0.42856
										9.98143	-0.01676	0.41659
>	16:05:27	51.113175	17.062406	143.30	185	564	912	1.35	23.90	28.70	9.98622	-0.02394	0.42377
										9.98382	-0.01676	0.41180
										9.98143	-0.01437	0.40462
										9.99340	-0.01915	0.41180
										9.99579	-0.01676	0.41899
										9.99100	-0.01676	0.42377
										9.99100	-0.02155	0.42377
										9.98861	-0.01676	0.41180
										9.98382	-0.01437	0.42138
										9.99100	-0.01197	0.43096
										9.99100	-0.00958	0.43335
										9.99340	-0.01676	0.43096
										9.99340	-0.00958	0.41180
										9.98622	-0.02155	0.40701
										9.99100	-0.01676	0.40462
										9.99100	-0.01676	0.40223
										9.99340	-0.01676	0.40941
										9.99579	-0.01676	0.41659
										9.99100	-0.00958	0.41899
										9.99819	-0.01197	0.40462
										9.99579	-0.01676	0.41899
										9.98861	-0.01676	0.40701
										9.99579	-0.01437	0.41420
										9.99340	-0.01437	0.42138
										9.99100	-0.01437	0.41899
										9.99100	-0.01437	0.42856
>	16:05:28	51.113176	17.062411	144.30	170	445	663	1.28	23.90	28.70	10.00058	-0.01915	0.43096
										9.99100	-0.02155	0.42138
										9.98861	-0.01915	0.42138
										9.99340	-0.02155	0.41659
										9.99100	-0.01197	0.42856
										9.98382	-0.01915	0.42856
										9.99100	-0.01915	0.44053
										9.99579	-0.02155	0.42377
										9.99340	-0.02155	0.41420
										9.99579	-0.01437	0.42617
										9.99819	-0.01197	0.42138
										9.99340	-0.01197	0.43574
										9.99340	-0.01676	0.42138
										9.99100	-0.01437	0.42377
										9.99100	-0.01197	0.43096
										9.99579	-0.01197	0.42377
										9.98622	-0.01197	0.42138
										9.99100	-0.00958	0.41899
										9.99340	-0.01915	0.43814
										9.99579	-0.01676	0.42856
										9.99579	-0.01437	0.41420
										9.99100	-0.01676	0.43096
										9.98622	-0.01915	0.44053
										9.98622	-0.01437	0.41899
										9.98382	-0.01197	0.40701
										9.98143	-0.01676	0.42617
>	16:05:29	51.113179	17.062414	145.00	153	323	427	1.23	23.90	28.80	9.99100	-0.01676	0.42617
										9.98382	-0.01197	0.42138
										9.97903	-0.00958	0.41899
										9.98382	-0.00239	0.40941
										9.99579	-0.00479	0.41899
										9.99579	0.00000	0.41659
										9.99100	-0.00239	0.41899
										9.99100	-0.00718	0.43096
										9.98622	-0.01197	0.42377
										9.98382	-0.01437	0.42138
										9.98382	-0.00958	0.41420
										9.99100	-0.00958	0.41899
										9.99819	-0.01437	0.43096
										9.99100	-0.00718	0.41420
										9.97903	-0.01437	0.40941
										9.98861	-0.00718	0.43096
										9.98382	-0.02155	0.42138
										9.99100	-0.02394	0.43096
										9.99340	-0.01197	0.41420
										9.99100	-0.00958	0.41180
										9.99100	-0.01197	0.41420
										9.98861	-0.01676	0.42856
										9.99819	-0.00718	0.41180
										9.99579	-0.01915	0.43096
										10.00058	-0.01197	0.42617
										9.98382	-0.01915	0.41420
>	16:05:30	51.113182	17.062416	145.50	153	323	427	1.23	23.90	28.80	9.98143	-0.01915	0.41180
										9.99579	-0.00958	0.42377
										9.99100	-0.01437	0.42138
										9.99579	-0.01197	0.43335
										10.00297	0.00000	0.42617
										9.99579	-0.01197	0.41659
										9.99340	-0.01197	0.41899
										9.99819	-0.01197	0.41899
										9.99340	-0.01915	0.41420
										9.99579	-0.02394	0.40941
										9.98861	-0.01915	0.41899
										9.99340	-0.00958	0.41659
										9.99340	-0.01197	0.41899
										9.98861	-0.01197	0.42138
										9.98861	-0.01915	0.41420
										9.99340	-0.00958	0.42138
										9.99340	-0.00718	0.41659
										9.99819	-0.01915	0.41899
										9.99100	-0.01676	0.42377
										9.99340	-0.01437	0.41659
										9.99340	-0.01437	0.42138
										9.99340	-0.01197	0.42138
										9.99100	-0.00718	0.42856
										9.99100	-0.01197	0.42377
										9.99340	-0.01437	0.43814
										9.99100	-0.01437	0.43814
>	16:05:31	51.113184	17.062419	146.00	133	244	308	1.17	23.90	28.70	9.98861	-0.03112	0.42377
										9.99579	-0.02873	0.42856
										9.97903	-0.02155	0.41659
										9.98861	-0.01676	0.42138
										9.99819	-0.01676	0.41180
										9.99340	-0.01197	0.42138
										9.99340	-0.01437	0.41659
										9.99100	-0.01437	0.42617
										9.99819	-0.02394	0.41420
										9.99579	-0.01676	0.41180
										9.98143	-0.01676	0.40941
										9.98622	-0.01197	0.42377
										9.98622	-0.01437	0.41659
										9.98622	-0.01676	0.41420
										9.99100	-0.02394	0.42377
										9.99340	-0.03112	0.42617
										9.99579	-0.01676	0.43574
										9.98861	-0.02155	0.41899
										9.99579	-0.01915	0.41420
										9.98861	-0.02155	0.41420
										9.98143	-0.01676	0.41899
										9.98382	-0.00958	0.42617
										9.99340	-0.01437	0.42138
										9.98622	-0.01197	0.42617
										9.99340	-0.01676	0.42617
										9.98861	-0.01676	0.40462
>	16:05:32	51.113186	17.062422	146.60	115	204	244	1.12	23.90	28.80	9.98861	-0.01915	0.42138
										9.99100	-0.01197	0.40701
										9.99100	-0.01676	0.40941
										9.98143	-0.01676	0.42138
										9.98622	-0.00958	0.42856
										9.99340	-0.00958	0.42377
										9.98382	-0.00479	0.43814
										9.98622	-0.01437	0.41899
										9.98143	-0.01676	0.41659
										9.98861	-0.01437	0.41420
										9.99340	-0.01437	0.42138
										9.98861	-0.01437	0.41659
										9.98622	-0.01437	0.40701
										9.98861	-0.00718	0.40941
										9.99100	-0.00958	0.40223
										9.98622	-0.01915	0.41180
										9.99819	-0.01437	0.42856
										9.99340	-0.02155	0.42377
										9.98861	-0.02155	0.40941
										9.98622	-0.02394	0.41180
										9.99579	-0.01915	0.43335
										9.99100	-0.01676	0.41659
										9.98861	-0.00958	0.41180
										9.98861	-0.00718	0.41420
										9.99819	-0.01915	0.42138
										9.98622	-0.01437	0.42856
>	16:05:33	51.113188	17.062421	147.00	100	175	207	1.07	23.90	28.80	9.98143	-0.00958	0.41659
										9.99579	-0.01437	0.41659
										9.99579	-0.00239	0.41659
										9.99100	-0.00239	0.41659
										9.99340	-0.01197	0.39983
										9.99340	-0.01437	0.40462
										9.99100	-0.01437	0.39983
										9.98861	-0.01437	0.39983
										9.99340	-0.01437	0.40941
										10.00058	-0.02155	0.41659
										9.99579	-0.01915	0.41180
										9.99579	-0.01676	0.41659
										9.99819	-0.01437	0.42377
										10.00297	-0.01676	0.42617
										9.99579	-0.01437	0.41899
										9.99819	-0.01676	0.41659
										9.99579	-0.01197	0.42377
										9.98861	-0.00479	0.42138
										9.98861	-0.01197	0.40462
										9.99819	-0.01915	0.41420
										10.00058	-0.02155	0.42856
										9.99579	-0.02155	0.43814
										9.99340	-0.02155	0.42856
										9.99100	-0.01197	0.41420
										9.99340	-0.00958	0.41659
										9.98622	-0.01437	0.42138
>	16:05:34	51.113189	17.062421	147.00	84	142	163	1.02	23.90	28.70	9.99100	-0.02394	0.41899
										9.98861	-0.01915	0.42138
										9.99819	-0.01437	0.42617
										9.99579	-0.01197	0.42377
										9.99579	-0.01437	0.41899
										9.98622	-0.01197	0.42377
										9.99579	-0.00958	0.42138
										9.99579	-0.01676	0.42617
										9.98861	-0.00958	0.41659
										9.98622	-0.01197	0.40462
										9.99340	-0.01915	0.42377
										9.99340	-0.02155	0.41180
										9.99340	-0.01437	0.43096
										9.98622	-0.01676	0.41659
										9.98861	-0.01197	0.41180
										9.98861	-0.01915	0.40941
										9.98861	-0.01676	0.41899
										9.99579	-0.01915	0.42617
										9.99100	-0.01676	0.41899
										9.99340	-0.01437	0.41899
										9.99579	-0.01676	0.42138
										9.98143	-0.01197	0.42377
										9.99340	-0.01915	0.41420
										9.99340	-0.01676	0.41180
										9.99100	-0.01197	0.42856
										9.99579	-0.00958	0.41180
>	16:05:35	51.113189	17.062424	147.00	84	142	163	1.02	23.90	28.70	9.99100	-0.01915	0.41420
										9.99340	-0.01197	0.40701
										9.99100	-0.01437	0.39025
										9.98861	-0.00479	0.40462
										9.98861	-0.00479	0.41899
										9.98382	-0.01915	0.41899
										9.98622	-0.01915	0.41420
										9.98622	-0.01197	0.39744
										9.99579	-0.01676	0.42617
										9.98382	-0.01197	0.41180
										9.98622	-0.01915	0.41659
										9.99340	-0.01676	0.41420
										9.98861	-0.01437	0.43574
										9.98622	-0.01915	0.41659
										9.99100	-0.01437	0.40701
										9.99100	-0.01437	0.41420
										9.98622	-0.00958	0.42138
										9.99579	-0.01197	0.42377
										9.98861	-0.00958	0.40462
										9.99100	-0.01915	0.41899
										9.99579	-0.01437	0.42138
										9.98382	-0.01437	0.41420
										9.99340	-0.01197	0.41659
										9.99100	-0.01676	0.41659
										9.99579	-0.01437	0.42856
										10.00297	-0.02155	0.43574
>	16:05:36	51.113190	17.062429	147.30	72	117	137	0.98	23.90	28.70	9.99819	-0.01676	0.41180
										9.99819	-0.02155	0.42138
										9.99340	-0.02394	0.42617
										9.99100	-0.01915	0.41659
										9.98861	-0.01437	0.40941
										9.98143	-0.00718	0.42617
										9.99100	0.00479	0.42138
										9.98861	-0.01197	0.39983
										9.98861	-0.01915	0.42138
										9.99100	-0.02155	0.42138
										9.99100	-0.01437	0.40701
										9.99819	-0.01437	0.40462
										9.98861	-0.01676	0.40701
										9.99100	-0.02394	0.42856
										9.99819	-0.01676	0.42377
										9.99340	-0.01437	0.42377
										9.99579	-0.01197	0.41659
										9.98861	-0.00958	0.41659
										9.98622	-0.00718	0.42138
										9.98861	-0.00718	0.42617
										9.99340	-0.00718	0.41899
										9.99100	-0.00718	0.41659
										9.99819	-0.01197	0.41420
										9.99340	-0.01197	0.42617
										9.99340	-0.00718	0.42856
										9.99340	-0.00958	0.43096
>	16:05:37	51.113190	17.062433	147.80	62	98	112	0.94	23.90	28.70	9.99340	-0.00958	0.39983
										9.99100	-0.00718	0.41180
										9.99579	-0.01437	0.41659
										9.98622	-0.01676	0.41659
										9.99100	-0.01915	0.41899
										9.98622	-0.01676	0.42138
										9.98861	-0.02155	0.41659
										9.99340	-0.01197	0.42856
										9.99340	-0.01437	0.42856
										9.99819	-0.01197	0.42138
										9.99340	-0.01915	0.42377
										9.98622	-0.00958	0.41659
										9.98861	-0.01676	0.41180
										9.98622	-0.01437	0.41899
										9.98622	-0.01437	0.41899
										9.99340	-0.01437	0.41420
										9.99819	-0.01676	0.43335
										9.99340	-0.00958	0.41180
										9.99819	-0.02394	0.41420
										9.99100	-0.01915	0.40223
										9.98861	-0.01676	0.41899
										9.99819	-0.01915	0.41420
										10.00058	-0.00958	0.41420
										9.98861	-0.00718	0.41899
										9.99340	-0.01676	0.41420
										9.99100	-0.01197	0.42617
>	16:05:38	51.113190	17.062438	148.10	62	98	112	0.91	23.90	28.80	9.99340	-0.01437	0.43096
										9.99579	-0.01437	0.40941
										9.99819	-0.01676	0.42377
										9.99579	-0.01915	0.42617
										9.98861	-0.01197	0.41659
										9.99819	-0.01437	0.42138
										9.99340	-0.01676	0.44053
										9.99100	-0.01197	0.42377
										10.00297	-0.01676	0.41899
										9.99579	-0.01676	0.42377
										9.99579	-0.01915	0.42138
										9.99579	-0.01437	0.41180
										9.99100	-0.00718	0.41659
										9.99340	-0.00958	0.40941
										9.99819	-0.01437	0.41420
										9.99100	-0.01437	0.41180
										9.98861	-0.01676	0.40701
										9.99340	-0.00958	0.40462
										9.98382	-0.01197	0.42617
										9.98382	-0.02155	0.43335
										9.98622	-0.00958	0.42617
										9.98622	-0.00239	0.41899
										9.98382	-0.00479	0.42138
										9.99340	-0.00958	0.41899
										9.98382	-0.01676	0.41899
										9.99100	-0.01915	0.40462
>	16:05:39	51.113190	17.062441	148.50	62	98	112	0.88	23.90	28.70	9.98861	-0.00958	0.40462
										9.98622	-0.01915	0.41180
										9.99340	-0.00718	0.41420
										9.98622	-0.01197	0.40223
										9.98861	-0.02155	0.41659
										9.99340	-0.01676	0.42377
										9.99100	-0.01915	0.42138
										9.99340	-0.01915	0.42138
										9.99100	-0.01197	0.40701
										9.99579	-0.01197	0.40223
										10.00058	-0.01676	0.42138
										9.99340	-0.00718	0.41180
										9.99340	-0.01197	0.41659
										9.99819	-0.00958	0.42377
										9.99340	-0.01197	0.41659
										9.99340	-0.01437	0.42617
										9.99819	-0.00958	0.41659
										9.99340	-0.01915	0.41420
										9.99819	-0.01676	0.41180
										9.99100	-0.02155	0.40701
										9.98861	-0.02634	0.40462
										9.98861	-0.01676	0.42138
										9.99579	-0.02394	0.40701
										9.99100	-0.01915	0.40701
										9.98143	-0.01915	0.40462
										9.98622	-0.01437	0.40701
>	16:05:40	51.113190	17.062442	148.80	52	82	92	0.85	23.90	28.80	9.98143	-0.01197	0.41659
										9.99579	-0.01437	0.42377
										9.99579	-0.01676	0.42138
										10.00297	-0.01197	0.41659
										10.00537	-0.01437	0.42617
										9.99100	-0.02394	0.41899
										9.99579	-0.01437	0.41899
										9.99579	-0.01437	0.41659
										9.98382	-0.00958	0.41420
										9.99340	-0.01437	0.42617
										9.99100	-0.01437	0.42856
										9.99340	-0.01197	0.42617
										9.99340	-0.01676	0.42138
										9.99100	-0.00958	0.42377
										9.98382	-0.02394	0.42856
										9.99340	-0.01915	0.43574
										9.99579	-0.01197	0.40223
										9.98861	-0.01197	0.42138
										9.99579	-0.01437	0.40701
										9.99819	-0.01197	0.41180
										9.99100	-0.01437	0.41659
										9.99579	-0.01437	0.41899
										9.99340	-0.01915	0.42856
										9.98622	-0.02155	0.42856
										9.99100	-0.01437	0.41420
										9.98143	-0.00958	0.42138
>	16:05:41	51.113190	17.062444	148.80	52	82	92	0.85	23.90	28.80	9.98861	-0.01676	0.40223
										9.99579	-0.01676	0.40223
										9.99579	-0.01915	0.41659
										9.99819	-0.00958	0.41899
										9.99340	-0.00718	0.41420
										9.99819	-0.01915	0.42377
										9.99100	-0.01437	0.42617
										9.98143	-0.01197	0.40941
										9.98622	-0.01437	0.41659
										9.99100	-0.01915	0.42617
										9.99340	-0.01676	0.43096
										9.99100	-0.02155	0.42856
										9.99340	-0.00958	0.41420
										9.99819	-0.01676	0.41420
										9.98622	-0.01197	0.41420
										9.98382	-0.01676	0.40941
										9.98861	-0.01197	0.42138
										9.99100	-0.01915	0.42377
										9.99100	-0.01676	0.41420
										9.98143	-0.01437	0.42856
										9.99819	-0.01915	0.41899
										9.99100	-0.01915	0.41180
										10.00058	-0.01197	0.40941
										9.99340	-0.00958	0.40701
										9.98622	-0.01437	0.41899
										9.99819	-0.01197	0.42138
>	16:05:42	51.113192	17.062445	149.00	52	81	91	0.82	24.00	28.70	9.99100	-0.01197	0.42617
										9.98622	-0.01197	0.42138
										9.98861	-0.00718	0.42138
										9.99579	-0.00479	0.41180
										9.99579	-0.01437	0.40941
										9.98861	-0.01915	0.41420
										9.98861	-0.01197	0.41180
										9.99340	-0.01915	0.39504
										9.99340	-0.01676	0.41420
										9.99100	-0.00958	0.41659
										9.98622	-0.00718	0.42617
										9.98622	-0.01197	0.41420
										9.99819	-0.01197	0.40462
										9.99100	-0.01437	0.42856
										9.99340	-0.00958	0.43096
										9.99340	-0.01197	0.41659
										9.98861	-0.00958	0.41180
										9.99100	-0.00958	0.42138
										9.99340	-0.01197	0.42377
										9.99819	-0.01437	0.41180
										9.98382	-0.02155	0.41899
										9.98622	-0.01197	0.42617
										9.99100	-0.01676	0.42138
										9.98622	-0.01197	0.41420
										9.99819	-0.00958	0.41420
										9.99819	-0.01197	0.42138
>	16:05:43	51.113192	17.062444	149.00	52	81	91	0.79	23.90	28.70	9.98382	-0.01915	0.42138
										9.98622	-0.02155	0.42617
										9.98861	-0.02155	0.42856
										9.99100	-0.01197	0.43096
										9.98382	-0.01197	0.43096
										9.99100	-0.01437	0.43335
										9.99100	-0.02394	0.42377
										9.99819	-0.01676	0.41659
										9.99819	-0.01437	0.40462
										9.99340	-0.00958	0.39983
										9.99579	-0.00718	0.41899
										9.98622	-0.00958	0.40941
										9.98622	-0.01676	0.40701
										9.99340	-0.02155	0.41899
										9.99100	-0.02155	0.41420
										9.99579	-0.01676	0.42377
										9.99340	-0.01915	0.42138
										9.98382	-0.00958	0.40462
										9.99100	-0.01197	0.41180
										9.99579	-0.00958	0.40701
										10.00058	-0.01676	0.42377
										9.99340	-0.01915	0.42856
										9.99579	-0.02394	0.42138
										9.99100	-0.01676	0.41180
										9.99819	-0.02155	0.41180
										9.99579	-0.01915	0.41180
>	16:05:44	51.113192	17.062445	149.00	42	68	83	0.77	23.90	28.70	9.99340	-0.00958	0.41659
										9.99340	-0.01437	0.41899
										9.98861	-0.01197	0.41420
										9.99100	-0.01437	0.41180
										9.99100	-0.02155	0.41659
										9.99100	-0.01437	0.43096
										9.99100	-0.02155	0.41659
										9.99340	-0.00958	0.42856
										9.99340	-0.01197	0.41659
										10.00297	-0.01676	0.41659
										9.99100	-0.01676	0.40941
										9.99819	-0.01197	0.41420
										9.98861	-0.01915	0.42138
										9.97903	-0.01676	0.40223
										9.98861	-0.01676	0.41180
										9.99579	-0.02155	0.40701
										10.00058	-0.01915	0.40941
										9.99579	-0.00718	0.41899
										9.99340	-0.01676	0.42138
										9.99579	-0.00239	0.42377
										9.99340	-0.00479	0.42856
										9.99100	-0.01676	0.42377
										9.99100	-0.01197	0.41180
										10.00537	-0.00479	0.41420
										10.00297	-0.01676	0.41899
										9.99579	-0.01197	0.41659
>	16:05:45	51.113191	17.062445	149.00	42	68	83	0.74	24.00	28.70	9.98622	-0.01437	0.42138
										9.99100	-0.01197	0.41180
										9.98861	-0.01437	0.42377
										9.99100	-0.01437	0.42138
										9.99340	-0.01437	0.41899
										9.99819	-0.01197	0.41420
										9.99819	-0.01437	0.40223
										9.99340	-0.01197	0.39983
										9.99340	-0.01197	0.43335
										9.99100	-0.01676	0.42377
										9.99819	-0.00718	0.42856
										9.99100	-0.01197	0.42138
										9.99100	-0.01437	0.40941
										9.99340	-0.01197	0.41899
										9.99100	-0.00958	0.42856
										9.99579	-0.01915	0.42856
										9.99100	-0.01437	0.41899
										9.99579	-0.01197	0.42617
										9.98622	-0.00958	0.42856
										9.99100	-0.01197	0.40462
										9.99579	-0.01197	0.40462
										9.98861	-0.01197	0.42617
										9.98861	-0.02394	0.41659
										9.99340	-0.01437	0.42377
										9.99340	-0.01437	0.40701
										9.99340	-0.01437	0.40462
>	16:05:46	51.113189	17.062450	149.00	42	68	83	0.72	23.90	28.70	9.98861	-0.01197	0.40223
										9.99579	-0.01676	0.41420
										9.99340	-0.01437	0.39744
										9.99100	0.00000	0.39744
										9.99819	-0.00479	0.40701
										9.99819	-0.01437	0.40941
										9.98622	-0.01437	0.40941
										9.98382	-0.01437	0.42856
										9.98382	-0.01676	0.43335
										9.98143	-0.02155	0.41659
										9.99100	-0.01676	0.40701
										10.00058	-0.02155	0.39744
										10.00058	-0.01676	0.42377
										10.00058	-0.01197	0.42617
										10.00058	-0.01437	0.42617
										9.98861	-0.00958	0.41899
										9.99579	-0.01676	0.41899
										9.99340	-0.01437	0.43335
										9.99340	-0.01437	0.43335
										9.98382	-0.00958	0.42617
										9.98382	-0.01915	0.42856
										9.98861	-0.02155	0.42138
										9.98622	-0.01915	0.42617
										9.99100	-0.01676	0.42617
										9.98143	-0.00958	0.42138
										9.98622	-0.01915	0.41659
>	16:05:47	51.113186	17.062456	149.50	42	68	83	0.72	23.90	28.70	9.99579	-0.00958	0.42138
										9.99340	-0.01197	0.42617
										9.99340	-0.01437	0.44532
										9.99819	-0.02394	0.42617
										9.99579	-0.02155	0.41659
										10.00058	-0.01915	0.41659
										9.98622	-0.01676	0.41420
										9.98622	-0.02155	0.41659
										9.98861	-0.02155	0.42138
										9.98861	-0.00958	0.41899
										9.98622	-0.00958	0.41420
										9.99579	-0.01197	0.43814
										9.99819	-0.01437	0.43096
										9.99100	-0.01676	0.42856
										10.00058	-0.01437	0.42138
										9.99579	-0.00718	0.42138
										9.98861	-0.00958	0.43096
										9.98622	-0.01437	0.42138
										9.98861	-0.01197	0.41180
										9.98861	-0.01915	0.43096
										9.99100	-0.00958	0.43335
										9.99100	-0.00958	0.42856
										9.98622	-0.01437	0.42377
										9.99100	-0.00958	0.41659
										9.98622	-0.01197	0.42138
										9.99340	-0.01676	0.42138
>	16:05:48	51.113184	17.062460	150.10	39	60	75	0.70	23.90	28.70	9.99340	-0.01676	0.42138
										9.99579	-0.01437	0.42856
										9.99579	-0.01437	0.41899
										9.99100	-0.01437	0.42617
										9.98382	-0.01437	0.41899
										9.98622	-0.01676	0.42138
										9.98622	-0.01915	0.40462
										9.99100	-0.01915	0.41420
										9.98861	-0.01197	0.42138
										9.98622	-0.01676	0.41180
										9.98622	-0.01437	0.42377
										9.98622	-0.01915	0.41180
										9.98622	-0.01197	0.42138
										9.98143	-0.01197	0.41659
										9.97903	-0.01197	0.41899
										9.99340	-0.01915	0.41659
										9.99100	-0.01915	0.42377
										9.99100	-0.01437	0.41899
										9.99819	-0.00958	0.41899
										9.98861	-0.01676	0.42138
										9.99579	-0.02155	0.41420
										9.99579	-0.02155	0.42138
										9.98861	-0.01676	0.40701
										9.98622	-0.01676	0.41899
										9.98382	-0.01197	0.42617
										9.98382	-0.01197	0.42377
>	16:05:49	51.113182	17.062468	150.60	39	60	75	0.68	24.00	28.70	9.99579	-0.00718	0.42138
										9.99579	-0.00718	0.43574
										9.99340	-0.01437	0.43096
										9.99340	-0.01197	0.43096
										9.99100	-0.01197	0.42856
										9.98861	-0.01437	0.41420
										10.00058	-0.01676	0.41659
										9.98861	-0.01915	0.41899
										9.98861	-0.01676	0.41180
										9.98861	-0.02155	0.41659
										9.99100	-0.02155	0.41659
										9.99579	-0.01676	0.41420
										9.99100	-0.01915	0.41659
										9.99100	-0.02155	0.42377
										9.98861	-0.01676	0.42138
										9.98382	-0.01197	0.41659
										9.98382	-0.00958	0.41420
										9.98861	-0.01437	0.41420
										9.99579	-0.00958	0.41659
										9.98622	-0.01437	0.43574
										9.99100	-0.01437	0.43096
										9.99100	-0.02155	0.42138
										9.99100	-0.01676	0.40941
										9.98622	-0.01676	0.41180
										9.98622	-0.01197	0.42377
										10.00058	-0.00958	0.41180
>	16:05:50	51.113180	17.062474	151.40	39	60	75	0.66	23.90	28.70	9.99340	-0.02155	0.41899
										9.99579	-0.01915	0.40462
										9.99579	-0.01197	0.42856
										9.99579	-0.02155	0.41659
										9.98861	-0.02873	0.42856
										9.99340	-0.02155	0.42138
										10.00058	-0.01915	0.42617
										9.99340	-0.01197	0.41899
										9.99340	-0.00958	0.42856
										9.98382	-0.00479	0.42138
										9.98622	-0.01197	0.41659
										9.98861	-0.01915	0.42377
										9.99100	-0.01676	0.41899
										9.99340	-0.01197	0.41180
										9.99100	-0.01197	0.41420
										9.99579	-0.01437	0.39983
										9.99100	-0.00958	0.40462
										9.99819	-0.01915	0.40941
										9.99340	-0.01915	0.39744
										9.99819	-0.02155	0.41180
										9.99579	-0.01915	0.42617
										9.99340	-0.02155	0.42617
										9.99340	-0.01197	0.41899
										9.98861	-0.01676	0.41899
										9.99819	-0.01676	0.41180
										10.00058	-0.01915	0.41180
>	16:05:51	51.113178	17.062477	152.00	35	55	66	0.64	24.00	28.70	9.99100	-0.00958	0.42377
										9.98861	-0.01437	0.41899
										9.98861	-0.02155	0.41899
										9.99100	-0.02394	0.42377
										9.98861	-0.01915	0.41899
										9.97664	-0.01437	0.42377
										9.99579	-0.01676	0.41659
										10.00297	-0.01676	0.41420
										9.99819	-0.00958	0.42856
										9.99100	-0.00718	0.42377
										9.99819	-0.01197	0.41180
										9.98622	-0.01197	0.41420
										9.99579	-0.01197	0.42617
										9.99100	-0.00958	0.40462
										9.98382	-0.01197	0.41180
										9.99100	-0.01197	0.40941
										9.98861	-0.01197	0.41180
										9.97664	-0.01676	0.41420
										9.97424	-0.01437	0.41899
										9.97903	-0.00958	0.41659
										9.99100	-0.01197	0.42138
										9.98622	-0.00718	0.41180
										9.99100	-0.00718	0.41180
										9.98861	-0.01915	0.42377
										9.99579	-0.01197	0.41659
										9.99340	-0.00958	0.40941
>	16:05:52	51.113177	17.062480	152.40	35	55	66	0.63	24.00	28.70	9.99819	-0.01197	0.41899
										9.98861	-0.01676	0.42138
										9.98622	-0.01437	0.42138
										9.98861	-0.00958	0.41899
										10.00058	-0.01437	0.41899
										9.98861	-0.01197	0.41180
										9.98861	-0.00239	0.41659
										9.99579	-0.01197	0.41899
										9.99340	-0.01676	0.41899
										9.99100	-0.01915	0.41659
										9.98622	-0.01437	0.43096
										9.98622	-0.01676	0.41420
										9.99819	-0.00958	0.42377
										9.99579	-0.01437	0.42138
										9.99100	-0.01437	0.42377
										9.98622	-0.01197	0.43096
										9.98861	-0.01437	0.42617
										9.99579	-0.01676	0.41420
										9.99100	-0.01437	0.42377
										9.98622	-0.02394	0.41180
										9.99340	-0.02155	0.42138
										9.98622	-0.02634	0.41420
										9.99100	-0.01197	0.42617
										9.99340	-0.00479	0.41420
										10.00058	-0.01197	0.42617
										9.99579	-0.01197	0.40941
>	16:05:53	51.113174	17.062483	152.60	35	55	66	0.63	24.00	28.70	9.98861	-0.01437	0.39265
										9.99100	-0.01676	0.40701
										9.98861	-0.01676	0.41420
										9.99100	-0.02394	0.41899
										9.99579	-0.01437	0.41180
										9.99340	-0.01197	0.41899
										9.99340	-0.01676	0.40462
										9.99579	-0.01197	0.41180
										9.99340	-0.01915	0.41659
										9.99100	-0.00479	0.42138
										9.99100	-0.00239	0.42377
										9.99100	-0.00479	0.41659
										9.99100	-0.00479	0.40462
										9.98382	-0.01915	0.41180
										9.99340	-0.00958	0.42377
										9.99100	-0.01676	0.41420
										9.98143	-0.01437	0.41180
										9.98622	-0.01197	0.40462
										9.99340	-0.00958	0.41180
										9.99340	-0.00958	0.41659
										9.99340	-0.01915	0.40462
										9.99100	-0.02394	0.42856
										9.98382	-0.01437	0.42856
										9.99340	-0.01676	0.41659
										9.99819	-0.00958	0.43096
										9.99340	-0.01676	0.41180
>	16:05:54	51.113174	17.062483	152.90	35	55	67	0.61	24.00	28.70	9.99100	-0.01437	0.42617
										9.99340	-0.01437	0.41659
										10.00297	-0.01437	0.41180
										9.99579	-0.01197	0.41420
										9.99579	-0.02394	0.42377
										9.99579	-0.01197	0.41899
										9.99819	-0.01437	0.41420
										9.99819	-0.00718	0.42856
										9.99340	-0.01437	0.42377
										9.99100	-0.01437	0.42138
										9.98622	-0.01437	0.42377
										9.97903	-0.00718	0.41659
										9.98622	-0.01437	0.41659
										9.99340	-0.01676	0.41899
										9.99579	-0.00718	0.41659
										9.99100	-0.01437	0.41659
										9.99100	-0.00718	0.41420
										9.99340	-0.01197	0.42138
										9.98622	-0.01437	0.41899
										9.98861	-0.00958	0.42856
										9.99579	-0.01197	0.41899
										9.99100	-0.01437	0.40223
										9.99819	-0.00958	0.41899
										10.00297	-0.01437	0.40701
										10.00537	-0.00718	0.41180
										10.00297	-0.01915	0.42617
>	16:05:55	51.113174	17.062483	153.00	33	52	63	0.60	23.90	28.70	9.99340	-0.02155	0.42138
										9.99100	-0.01437	0.42138
										9.99579	-0.01676	0.42138
										9.98861	-0.01197	0.42377
										9.99340	-0.01197	0.41180
										9.99340	-0.01197	0.41899
										9.99579	-0.01437	0.41899
										10.00058	-0.00718	0.42856
										9.99340	-0.00958	0.41659
										9.98143	-0.01197	0.43574
										9.99340	-0.00958	0.43574
										9.99579	-0.02155	0.41899
										9.99340	-0.01437	0.41899
										9.98622	-0.01915	0.41420
										9.99340	-0.01437	0.41180
										9.98143	-0.01197	0.42138
										9.98382	-0.01437	0.40701
										9.99819	-0.01437	0.42138
										9.99340	-0.00958	0.41420
										9.99579	-0.01676	0.42617
										9.98143	0.00718	0.40462
										9.98622	0.00000	0.39744
										9.98861	-0.00958	0.40462
										9.98622	-0.02155	0.38307
										9.98622	-0.01915	0.39025
										9.98382	-0.01676	0.39265
>	16:05:56	51.113173	17.062484	153.00	33	52	63	0.58	24.00	28.70	9.98382	-0.00479	0.38547
										9.98622	-0.00239	0.39265
										10.01495	-0.09337	0.42617
										10.01255	-0.07422	0.43096
										9.99819	-0.04549	0.43335
										9.98382	-0.00479	0.38307
										9.99579	0.00000	0.42856
										9.99340	-0.00479	0.41180
										9.99819	-0.02394	0.41659
										9.98622	-0.00958	0.40223
										9.99819	-0.01437	0.40223
										9.99819	-0.02155	0.41180
										9.99340	-0.00958	0.40223
										9.98861	-0.01676	0.40462
										9.99579	-0.02155	0.41659
										10.00297	-0.01915	0.41420
										9.99340	-0.01915	0.43096
										9.99819	-0.00958	0.40701
										9.99579	-0.01676	0.40462
										9.99819	-0.01437	0.40941
										9.98143	-0.00958	0.40701
										9.98861	-0.01437	0.41420
										9.99340	-0.01197	0.41420
										9.99340	-0.01437	0.41180
										9.99579	-0.02155	0.41180
										10.00058	-0.01915	0.41420
>	16:05:57	51.113171	17.062488	153.10	33	52	63	0.57	24.00	28.60	9.99100	-0.01437	0.40462
										9.98861	-0.00958	0.41420
										9.98861	-0.01437	0.40701
										9.99100	-0.01676	0.41180
										9.99100	-0.02394	0.41420
										9.98622	-0.02155	0.41899
										9.99100	-0.02155	0.40941
										9.98382	-0.02394	0.40941
										9.99579	-0.01676	0.41659
										9.99579	-0.01437	0.40941
										9.99340	-0.01197	0.40462
										9.99340	-0.00718	0.39504
										9.99819	-0.01197	0.39265
										9.98861	-0.00718	0.39504
										9.98622	-0.00958	0.41180
										9.98861	-0.00958	0.40223
										9.97903	-0.00958	0.41659
										9.98622	-0.01437	0.40462
										9.98861	-0.00479	0.41659
										9.99100	-0.00479	0.42138
										9.99579	-0.02155	0.41659
										9.98143	-0.01197	0.37828
										9.99100	-0.02155	0.38307
										10.02213	-0.02394	0.42138
										9.99100	-0.01915	0.42617
										9.98382	-0.01437	0.42617
>	16:05:58	51.113169	17.062494	153.50	30	47	56	0.56	24.00	28.60	10.01973	-0.02394	0.39265
										9.99100	-0.01676	0.40223
										9.98143	-0.01197	0.41899
										9.96706	-0.01197	0.44293
										9.94551	0.04310	0.48123
										9.91918	0.01676	0.50039
										10.00297	-0.02394	0.28012
										9.99579	-0.02155	0.35195
										9.97424	-0.01437	0.48842
										9.98622	-0.00718	0.45490
										9.99819	-0.01915	0.35913
										9.98622	-0.03591	0.26097
										9.99579	-0.04310	0.29928
										10.00058	-0.02155	0.48123
										9.98382	-0.02873	0.50996
										9.99340	-0.02873	0.40223
										10.01973	-0.04310	0.36631
										9.97664	-0.03112	0.40223
										10.00058	-0.03112	0.40941
										9.99819	-0.03831	0.44293
										9.97424	-0.03112	0.42856
										10.01734	-0.04070	0.39025
										9.99340	-0.02873	0.41180
										9.98143	-0.02634	0.43574
										9.98143	-0.03112	0.38786
										9.99819	-0.03352	0.37828
>	16:05:59	51.113169	17.062496	154.10	30	47	56	0.56	24.00	28.60	9.98143	-0.03352	0.40941
										9.99819	-0.03831	0.43335
										10.00058	-0.03112	0.42377
										9.99579	-0.02873	0.42856
										9.99819	-0.02873	0.40941
										10.00058	-0.04070	0.37828
										9.99579	-0.03112	0.38786
										9.99340	-0.02634	0.41899
										9.99100	-0.03352	0.39504
										9.97903	-0.03112	0.39025
										9.99340	-0.03352	0.39265
										9.98861	-0.03591	0.38786
										9.99819	-0.03112	0.40941
										9.98622	-0.03591	0.39504
										9.99819	-0.04310	0.37350
										9.99100	-0.02634	0.39744
										9.98861	-0.03831	0.40223
										10.00058	-0.02394	0.39504
										9.97664	-0.01197	0.38547
										9.99819	-0.03112	0.42138
										9.96946	-0.02155	0.39265
										9.97664	-0.02394	0.41659
										9.98622	-0.04549	0.39983
										10.02213	-0.04549	0.40462
										10.03889	-0.04788	0.41180
										10.01016	-0.03831	0.42138
