>	15:20:00	51.369499	17.615542	208.80	16	26	28	0.00	16.90	45.00	4.83629	-2.13323	-9.49540
										4.77643	-2.15718	-9.44752
										4.83150	-2.17633	-9.24162
										4.93924	-2.26013	-9.18895
										5.07571	-2.43011	-9.36612
										4.87459	-2.63602	-9.11712
										4.71658	-2.43730	-8.75560
										4.63996	-2.50673	-8.68138
										4.50589	-2.58813	-8.50899
										4.44124	-2.28167	-8.60476
										4.42448	-2.19069	-8.75081
										4.86262	-2.22421	-8.99262
										4.57532	-2.21942	-9.16740
										4.69982	-2.06380	-9.52413
										5.06134	-2.30322	-9.51216
										4.86262	-2.01113	-10.25676
										4.91769	-2.07098	-9.70849
										5.12359	-1.99916	-10.07001
										4.79798	-2.02549	-10.42196
										5.39414	-2.10929	-9.93354
										5.13556	-2.48997	-9.41640
										4.98473	-2.43490	-10.19451
										10.18015	-5.61680	-18.15763
										4.70221	-2.39181	-8.86812
										4.76686	-2.37265	-9.59596
										5.20739	-2.71742	-9.02853
>	15:20:02	51.369261	17.615175	208.80	16	26	28	0.00	16.90	45.00	4.38857	-2.26731	-9.42358
										4.58011	-2.54504	-9.74919
										4.44603	-2.26013	-9.22246
										4.52265	-2.21942	-9.61511
										4.43885	-2.36068	-9.72764
										4.39336	-2.26491	-9.21768
										4.44603	-2.43969	-9.27753
										4.76925	-2.60010	-9.53850
										4.50349	-2.69348	-9.45470
										4.10606	-2.42772	-8.73884
										4.06535	-2.45166	-8.81306
										4.41970	-2.73897	-9.41640
										4.48913	-2.90417	-9.50498
										4.28562	-2.33195	-9.61511
										4.27844	-2.18351	-10.01734
										4.66630	-2.05183	-10.29986
										4.75728	-2.20745	-9.84017
										4.54898	-2.48518	-9.60314
										4.52265	-2.58095	-9.69412
										4.34308	-2.76770	-9.30147
										4.31196	-2.68629	-9.16740
										4.35984	-2.67911	-9.28711
										4.27604	-2.48039	-9.01896
										4.18746	-2.47560	-8.95671
										4.38857	-2.51631	-9.34457
										4.49152	-2.70305	-9.46907
>	15:20:04	51.368998	17.614814	208.10	17	27	29	0.00	17.00	45.00	4.81235	-2.47800	-10.07720
										4.80516	-2.50194	-10.05804
										4.66869	-2.52109	-9.99340
										4.76207	-2.64320	-10.05325
										4.81953	-2.84431	-9.72046
										4.75249	-2.91135	-9.60793
										4.80277	-3.10049	-9.37569
										4.73334	-3.19865	-9.23444
										4.79080	-3.25611	-9.25838
										4.75488	-3.36146	-9.21768
										4.72376	-3.32076	-8.99502
										4.64954	-3.01430	-8.84658
										4.54419	-2.74854	-8.78193
										4.51307	-2.57377	-8.67898
										4.58250	-2.54025	-8.60237
										4.55138	-2.66235	-8.61913
										4.40533	-2.54743	-8.60476
										4.39097	-2.65517	-8.58082
										4.44603	-2.51391	-8.93756
										4.55617	-2.57137	-9.06445
										4.60405	-2.40378	-9.36372
										4.69982	-2.36308	-9.39006
										4.91530	-2.49476	-9.78031
										5.11880	-2.65278	-9.84735
										4.90333	-2.49476	-9.32781
										4.88178	-2.54264	-9.29190
>	15:20:05	51.368866	17.614633	207.50	17	27	29	0.00	17.00	45.00	5.37259	-2.75094	-9.63427
										5.08050	-3.12204	-9.28711
										4.67109	-2.98318	-8.62631
										4.53462	-2.95923	-8.66940
										4.68545	-2.77249	-8.82742
										4.68066	-2.67672	-8.66462
										4.42688	-2.76530	-8.57364
										4.71658	-3.12922	-9.06445
										5.05895	-3.38540	-9.22965
										4.95360	-3.27527	-9.03093
										5.06134	-3.10528	-9.49780
										5.11401	-3.13401	-9.73243
										5.09007	-3.02388	-9.16261
										5.15472	-3.19865	-9.54808
										5.10444	-3.31358	-9.39964
										4.95121	-3.16513	-8.77236
										4.60644	-3.13401	-9.10754
										5.42766	-2.95444	-9.57441
										4.99909	-2.64320	-8.54012
										4.89854	-1.99676	-9.60554
										4.38139	-2.47800	-8.69335
										3.86664	-2.13323	-8.32224
										4.36463	-2.15239	-9.05008
										4.68545	-2.26491	-8.99980
										5.14753	-2.45166	-9.19134
										5.34865	-3.12683	-9.10515
>	15:20:08	51.368430	17.614169	207.80	17	28	29	0.00	17.00	45.00	4.92008	-2.34632	-9.54568
										4.86262	-1.74298	-9.89045
										4.61123	-1.39103	-9.90960
										4.26886	-1.07739	-9.70370
										4.46519	-0.87388	-9.90960
										4.80995	-0.79009	-10.15381
										4.65912	-0.86670	-9.62230
										4.34308	-1.08457	-10.07480
										4.41251	-1.53229	-9.71088
										4.47237	-1.71664	-9.54329
										5.02064	-1.86748	-10.07241
										4.80037	-2.16915	-9.51216
										4.57293	-2.09971	-9.57441
										4.91051	-2.25534	-9.81623
										4.63757	-2.24816	-9.49780
										4.92248	-2.09493	-9.84256
										4.81235	-2.24337	-9.59596
										5.03022	-1.99916	-9.69891
										4.85784	-2.15718	-9.51695
										4.63278	-2.07098	-9.15303
										4.60166	-1.94888	-9.42597
										4.70221	-1.89142	-9.43794
										4.95121	-1.88903	-9.49540
										4.87220	-2.02071	-9.69891
										4.73094	-2.00395	-9.54089
										4.89614	-2.02549	-9.58878
>	15:20:09	51.368259	17.614096	207.20	17	28	29	0.00	17.00	45.00	4.90572	-1.70228	-9.42837
										5.36301	-1.62806	-9.86890
										5.23851	-1.70467	-9.68694
										4.75249	-1.37427	-9.67257
										5.05655	-1.45328	-9.55287
										5.14753	-1.67594	-9.58399
										5.07810	-1.72622	-9.50737
										4.85305	-1.83875	-9.12430
										4.65672	-1.74777	-9.04290
										4.86023	-1.65918	-9.02853
										4.67588	-1.62327	-8.80587
										4.49392	-1.52032	-8.63589
										4.23295	-1.47004	-8.67419
										4.41491	-1.51314	-8.90404
										4.69982	-1.73580	-9.09318
										5.03261	-2.01831	-9.54568
										5.06613	-2.28407	-9.43316
										5.10444	-2.46842	-9.50737
										5.26006	-2.72700	-10.18254
										5.09486	-2.91614	-9.69652
										5.03740	-2.54025	-9.44513
										5.21936	-2.39660	-10.37408
										5.19542	-2.22182	-9.79707
										4.70461	-1.56102	-9.44034
										4.52983	-1.80762	-9.95030
										4.80756	-1.84832	-9.06445
>	15:20:11	51.367912	17.613865	206.40	18	28	30	0.00	17.10	45.00	4.79798	-1.68791	-8.97347
										5.29837	-1.47722	-8.81545
										5.68384	-1.61848	-8.85136
										6.16268	-1.69749	-9.16500
										6.19141	-2.52828	-9.78750
										5.67905	-2.77488	-9.11233
										5.83706	-2.41336	-8.59997
										5.80115	-1.96564	-8.62152
										5.28640	-1.63285	-8.44196
										4.84347	-1.37188	-8.64067
										4.75967	-1.08697	-9.03811
										5.29119	-0.88825	-9.19134
										6.06212	-0.90980	-8.33422
										5.68623	-1.44131	-8.33661
										6.02142	-1.62806	-9.22725
										5.97832	-1.80762	-10.06762
										5.92565	-1.72143	-9.50498
										5.78679	-1.33836	-9.39006
										5.93523	-1.34794	-9.80186
										5.89692	-1.43652	-8.85855
										5.76045	-1.47722	-8.31267
										5.71735	-1.59693	-8.91840
										5.85382	-1.57778	-8.82263
										6.00226	-1.65200	-8.32943
										5.57131	-1.50116	-9.50498
										5.07810	-1.68073	-9.95988
>	15:20:12	51.367741	17.613741	206.10	18	28	30	0.00	17.10	45.00	5.45160	-2.14042	-9.73004
										5.31034	-2.07817	-9.21528
										5.56652	-1.97282	-9.61033
										5.35822	-2.11408	-9.14106
										4.91769	-1.79565	-8.48744
										4.88896	-1.60412	-8.85136
										4.57532	-1.64242	-8.46111
										4.60166	-1.28090	-8.36534
										4.70700	-1.30484	-8.63828
										4.75488	-1.36709	-9.24880
										4.57293	-1.59693	-8.33182
										4.52025	-1.60412	-9.01656
										5.38456	-1.93691	-9.16740
										4.92248	-2.38702	-9.16740
										5.02543	-2.39181	-9.30626
										5.05416	-2.55940	-9.42597
										5.52342	-2.37265	-9.90242
										5.78679	-2.28646	-9.84256
										5.41329	-2.16915	-9.29429
										4.39815	-1.91776	-8.47787
										4.28323	-1.85072	-8.48505
										4.86262	-2.20027	-8.59758
										5.15711	-2.27449	-8.77954
										4.58011	-2.29365	-8.75560
										4.49392	-2.56658	-9.30147
										4.98712	-2.35589	-9.20331
>	15:20:15	51.367194	17.613355	205.80	18	29	32	0.00	17.10	45.00	5.50427	-2.51152	-10.37886
										5.50427	-2.55940	-10.36450
										5.76284	-2.48518	-10.19691
										5.50906	-2.70066	-10.09874
										4.81713	-2.43251	-9.19852
										4.56095	-2.16436	-9.08600
										4.55856	-2.24097	-8.89925
										4.57293	-1.54905	-9.11951
										4.68066	-1.69270	-9.34457
										4.66869	-1.75974	-9.34936
										4.61602	-1.79565	-9.07642
										4.62081	-1.70228	-9.44034
										4.39097	-1.83156	-9.02375
										4.54898	-1.58257	-9.03093
										3.99113	-1.63045	-8.79151
										4.41491	-1.68791	-9.26317
										4.45082	-2.09971	-9.04051
										4.59208	-2.51152	-8.90882
										4.29999	-2.62883	-9.55047
										4.45082	-2.26731	-9.56005
										4.54419	-2.10450	-9.31344
										4.58490	-1.98719	-10.08677
										9.21289	-3.56257	-19.65640
										4.52983	-1.59693	-9.89284
										4.66869	-1.69509	-9.99340
										4.32872	-1.52271	-9.49780
>	15:20:16	51.367011	17.613224	205.20	18	29	32	0.00	17.10	45.00	4.70461	-1.77410	-9.40682
										4.65433	-1.48680	-9.41400
										4.84826	-1.74777	-9.68694
										4.50349	-1.76692	-9.23444
										4.67109	-1.54665	-9.51935
										4.71897	-1.77650	-9.28950
										4.66869	-1.52750	-9.33739
										4.60644	-1.51553	-9.42118
										4.53462	-1.68791	-9.43555
										4.36942	-1.49159	-9.35415
										4.63517	-1.02472	-9.32063
										4.74052	-1.37906	-9.50259
										4.64475	-1.81241	-9.52413
										4.44603	-1.65918	-9.00459
										4.81235	-1.58975	-9.73961
										4.45800	-1.90339	-9.00938
										4.78601	-1.06781	-9.57681
										4.72615	-1.60651	-9.27274
										4.18746	-1.44610	-9.25598
										4.57532	-1.16119	-9.56723
										4.66869	-1.21147	-9.50737
										4.96797	-1.22583	-10.07959
										4.96557	-1.54426	-9.96946
										5.07331	-1.33357	-10.18254
										5.02782	-1.57538	-9.96227
										4.89135	-1.39582	-9.81383
>	15:20:18	51.366825	17.613098	205.20	19	30	37	0.00	17.10	45.00	4.98233	-1.70707	-9.58878
										5.05655	-1.86748	-9.35893
										4.85305	-1.90339	-8.61194
										4.75010	-1.65679	-9.07881
										4.64475	-1.58736	-9.08121
										4.84347	-1.42694	-9.37091
										4.81953	-1.14682	-9.67497
										4.67588	-0.93374	-9.59357
										5.13796	-1.23541	-9.60554
										4.85065	-1.42455	-9.41161
										5.04458	-1.50356	-9.20092
										4.91290	-1.63045	-9.63427
										4.75249	-1.82199	-8.98783
										4.76925	-1.47483	-9.41161
										-2.30083	5.51624	0.00000
										4.76446	-1.72383	-9.41161
										4.49152	-1.42455	-9.24401
										4.77404	-1.61848	-9.68455
										4.63517	-1.67355	-9.50019
										4.55856	-1.29526	-9.32781
										4.76207	-1.41976	-9.35893
										4.75967	-1.86029	-9.84256
										4.75249	-2.03028	-9.45470
										4.54180	-1.72143	-9.67018
										4.61123	-1.91776	-9.48822
										4.41730	-1.80044	-9.34696
>	15:20:20	51.366456	17.612830	204.70	19	30	37	0.00	17.10	45.00	4.34069	-1.80283	-8.96389
										4.43406	-1.87466	-9.59596
										4.48673	-1.85551	-9.65103
										4.57293	-1.84354	-9.86411
										5.25288	-2.02310	-10.61110
										4.89614	-2.04465	-9.93833
										5.24091	-1.83635	-10.54646
										5.05655	-1.95127	-10.33098
										5.07331	-1.61609	-10.18015
										4.51307	-1.69509	-9.48343
										4.44843	-1.32878	-9.69173
										4.73573	-1.71664	-9.84496
										4.58490	-1.76213	-8.80587
										4.83868	-1.74537	-9.83299
										4.63039	-2.15239	-8.87531
										4.29280	-1.86987	-8.81066
										4.59687	-1.93930	-8.70532
										4.22098	-1.65679	-8.31027
										3.91691	-1.64960	-8.25760
										3.85706	-1.83635	-8.44435
										4.13957	-1.80762	-9.10275
										4.13479	-2.05422	-8.99023
										5.28161	-1.95367	-10.03170
										5.05655	-2.35350	-10.44590
										4.52504	-2.00634	-9.69652
										3.40695	-1.68073	-9.64384
>	15:20:22	51.366071	17.612572	204.20	17	27	38	0.00	17.20	45.00	5.73172	-1.90339	-11.30781
										4.31675	-2.22182	-10.19691
										5.02064	-1.88663	-10.06522
										4.67109	-2.14999	-9.27514
										4.10845	-2.00634	-7.88411
										3.54102	-1.51314	-8.54012
										3.71820	-1.52271	-8.17141
										3.72298	-1.34554	-9.37569
										3.17471	-1.40779	-8.05170
										4.32393	-1.25696	-9.25598
										5.22415	-2.16915	-10.63983
										4.52744	-2.49236	-9.53850
										4.71418	-2.26013	-9.45710
										5.11641	-2.36308	-10.46745
										4.99909	-2.05422	-10.49139
										4.43406	-1.75734	-8.99980
										3.32794	-1.17795	-9.13148
										4.92487	-1.35272	-10.29028
										5.32470	-1.96325	-9.91439
										4.36702	-2.17633	-8.49702
										4.07014	-2.36068	-9.72764
										4.44364	-2.32716	-9.47386
										4.97276	-2.15478	-9.40203
										4.85784	-2.28407	-10.32859
										4.63757	-2.04225	-9.61272
										4.89135	-1.78607	-9.77313
										6.19859	-2.65278	-10.99896
										5.39892	-2.96163	-10.97023
										5.23373	-2.31759	-10.67575
										5.22175	-2.50433	-11.40598
										5.11162	-2.18112	-10.19691
										4.81713	-1.75495	-9.66060
										4.90333	-2.08296	-10.13226
										4.98233	-2.16915	-9.36133
										4.87938	-2.24097	-9.74201
										4.71897	-2.31280	-9.67976
										4.57293	-2.00395	-9.00699
										4.57532	-1.77171	-9.33499
										4.41970	-1.93212	-9.01178
										4.51307	-1.87227	-8.58321
										4.49392	-2.11169	-9.12670
										4.43646	-2.07577	-8.72447
										3.81396	-1.73340	-9.25119
										4.48434	-1.65200	-9.42118
										4.46997	-1.58496	-9.31344
										5.18105	-1.91776	-9.86172
										4.69742	-2.07577	-9.97664
										4.77164	-2.03268	-10.09635
										4.57053	-1.96325	-9.61751
										5.08768	-1.58496	-9.59357
										5.32231	-1.49398	-9.42358
>	15:20:25	51.365314	17.612038	203.10	15	27	38	0.00	17.20	45.00	5.31273	-1.40061	-11.10191
										4.73813	-1.12049	-8.35576
										6.31830	-0.94810	-8.36055
										4.53462	-1.54905	-9.33499
										4.37181	-1.20907	-7.94396
										4.37421	-1.89860	-9.27274
										4.28323	-2.39420	-9.55287
										4.88178	-1.49877	-8.68856
										5.22175	-1.46765	-9.34936
										4.77643	-1.80283	-8.79869
										4.20901	-1.09176	-9.42597
										4.79080	-2.07338	-10.17536
										4.28562	-2.09732	-9.96946
										4.47716	-1.95606	-10.11311
										4.52265	-2.18591	-10.33577
										4.83389	-2.40378	-9.51216
										4.38378	-2.39420	-10.11790
										4.53462	-2.52109	-9.31344
										4.02705	-2.14760	-9.51695
										4.00311	-1.98958	-9.44273
										3.97916	-1.70707	-9.62948
										8.30788	-3.14119	-19.52711
										4.24492	-1.73819	-10.02452
										4.35984	-1.75974	-10.23761
										4.50110	-1.63045	-9.80186
										4.63039	-1.50835	-9.95749
>	15:20:27	51.364936	17.611773	202.70	15	27	38	0.00	17.20	45.00	4.73813	-2.00874	-9.57920
										4.58729	-2.08535	-9.40203
										4.69503	-2.00634	-9.44513
										4.86502	-1.80762	-9.56005
										4.50828	-1.96803	-8.88249
										4.41012	-1.67355	-9.69412
										4.46758	-1.76692	-9.13627
										4.52025	-1.61609	-9.19852
										4.44843	-1.92494	-9.31823
										4.29759	-2.00874	-9.15782
										4.67588	-1.75734	-9.59117
										4.62320	-1.98000	-9.66300
										4.77883	-1.72383	-9.72525
										4.58011	-1.92733	-10.00297
										4.73813	-1.69749	-9.63187
										4.82910	-1.86269	-10.09395
										4.66391	-1.99676	-9.60554
										4.32632	-1.97761	-9.25838
										4.84108	-2.09493	-9.87369
										5.04219	-2.37984	-9.74201
										4.66630	-2.06859	-9.30866
										4.43885	-1.91776	-9.53850
										4.54659	-1.95127	-9.56723
										4.54180	-1.68791	-9.39964
										4.68306	-1.68073	-10.04368
										5.08768	-1.92254	-10.23282
>	15:20:29	51.364553	17.611526	202.00	15	28	31	0.00	17.30	45.00	4.55617	-1.82199	-9.50977
										5.15950	-1.68073	-10.33098
										4.74770	-1.93212	-10.21366
										4.55138	-1.90818	-9.17937
										4.86262	-2.02549	-10.09156
										4.71658	-2.13802	-9.31584
										8.42759	-3.21781	-17.84638
										4.75249	-1.80283	-9.82580
										4.54419	-1.84354	-9.25119
										4.33111	-1.61609	-8.75320
										4.31675	-2.00395	-9.07402
										4.50349	-1.78368	-9.25359
										4.34308	-1.76453	-8.93756
										4.38857	-1.62806	-8.83221
										4.52504	-1.69749	-9.52892
										4.02944	-1.49638	-8.51378
										4.13957	-1.23062	-9.24880
										4.46997	-1.67355	-9.27035
										4.22098	-1.52750	-8.67419
										4.38618	-1.62087	-9.08360
										4.23295	-1.71664	-9.00699
										4.25689	-1.51553	-9.13148
										4.25210	-1.47962	-9.05008
										4.56814	-1.52989	-9.33260
										4.17070	-1.44370	-9.33499
										4.36942	-1.41258	-9.39724
>	15:20:30	51.364365	17.611396	201.80	15	28	31	0.00	17.30	45.00	4.64954	-1.73580	-9.36372
										4.59447	-1.85311	-9.75877
										4.44124	-1.65439	-9.63187
										4.52744	-1.58496	-9.87129
										4.74531	-1.58496	-9.90721
										5.00628	-1.96803	-10.03889
										4.74531	-2.09014	-9.60793
										4.80516	-2.14520	-9.85214
										4.77404	-2.13323	-9.68215
										4.49870	-1.99437	-9.45231
										4.39097	-1.85311	-9.45949
										4.57532	-1.73819	-9.43076
										4.43885	-1.61130	-8.96629
										4.88178	-1.48201	-8.99741
										4.84826	-1.49159	-9.56962
										4.99191	-1.42934	-8.57603
										5.92565	-1.16358	-8.20493
										5.36301	-1.31681	-8.51618
										5.63595	-1.04387	-8.20972
										4.27126	-1.76213	-10.85052
										3.83072	-2.64559	-9.60793
										3.80439	-2.54504	-9.91439
										4.42448	-2.74136	-9.78510
										3.79481	-2.41096	-9.90242
										3.65355	-2.58574	-10.07241
										2.73418	-2.56419	-10.46506
>	15:20:33	51.363985	17.611150	201.60	15	28	31	0.00	17.30	45.00	-6.32069	-5.58328	-4.27365
										-6.63194	-5.43723	-4.46997
										-6.67264	-5.47315	-5.27682
										-6.28478	-5.59285	-5.25288
										-6.78277	-6.05733	-5.20260
										-2.30083	5.51624	0.00000
										-6.44998	-6.52899	-5.07810
										-6.64870	-6.61039	-4.73094
										-7.16106	-6.76601	-4.92487
										-6.80672	-6.78038	-5.43005
										-6.02621	-6.41167	-5.76524
										-5.00388	-5.81791	-6.44519
										-4.46997	-5.31752	-6.45716
										-5.09965	-5.37498	-6.16028
										-5.29597	-5.48272	-5.96156
										-5.22654	-5.77242	-6.40210
										-4.34548	-5.41568	-6.20098
										-4.22337	-5.44920	-6.53378
										-4.05099	-5.62637	-7.40048
										-3.54581	-5.66947	-8.24084
										-2.92093	-5.23851	-9.21049
										-1.88663	-4.78840	-9.44991
										-1.00078	-4.52983	-10.15620
										0.80206	-3.66552	-10.43872
										-2.30083	6.12916	0.00000
										2.24097	-2.90177	-10.54167
>	15:20:35	51.363610	17.610898	201.30	15	28	31	0.00	17.30	45.00	4.49392	-1.25696	-9.48343
										4.60884	-1.06542	-10.10114
										4.98473	-1.05584	-10.08438
										4.81235	-0.97444	-10.24958
										4.62320	-0.89543	-10.33098
										4.63278	-0.88585	-10.35013
										4.95839	-0.83079	-10.34056
										4.89375	-0.95768	-10.10353
										4.71897	-1.09176	-10.02931
										4.55617	-1.24498	-9.59117
										4.54180	-1.06063	-9.30147
										4.68066	-1.13006	-9.22246
										4.37421	-1.46286	-9.27274
										4.33590	-1.40540	-9.19852
										4.56335	-1.50835	-9.13867
										4.42209	-1.53229	-9.22246
										4.64715	-1.37188	-9.51456
										4.69264	-1.58496	-9.24401
										4.46279	-1.50835	-9.66060
										4.94163	-1.86269	-9.61751
										4.12760	-1.73340	-9.30866
										4.63039	-1.22344	-10.02452
										4.83629	-1.72143	-9.94312
										4.64236	-1.63524	-9.47146
										4.78122	-1.35033	-10.78827
										4.89375	-1.86269	-9.95988
>	15:20:37	51.363073	17.610489	201.50	15	28	31	0.00	17.30	45.00	4.57771	-1.25696	-10.36211
										5.56891	-1.72383	-10.66138
										4.80277	-1.79326	-10.03889
										4.40533	-1.37188	-9.22486
										4.23774	-1.07260	-9.48583
										4.93924	-1.46525	-9.67497
										4.12521	-1.80523	-8.94234
										3.84748	-1.31202	-8.78672
										4.10366	-1.66397	-9.29908
										4.50110	-1.71904	-9.35175
										4.18267	-1.48441	-9.11473
										4.30477	-1.73101	-9.74919
										3.83312	-1.59454	-9.52413
										4.64475	-1.41497	-9.87129
										4.41491	-1.70228	-10.16578
										4.47237	-1.49398	-10.34535
										4.23534	-1.75974	-9.59596
										8.45153	-3.28484	-19.46007
										4.40773	-1.93212	-9.58160
										4.04620	-1.87466	-9.44273
										4.28562	-1.89621	-9.84017
										4.21619	-1.86508	-9.78750
										4.29759	-1.73340	-9.82102
										4.53941	-1.64482	-10.30943
										4.50349	-1.81959	-10.04128
										4.39336	-1.74298	-9.90481
>	15:20:38	51.362880	17.610362	201.30	15	28	31	0.00	17.30	45.00	4.00789	-1.16119	-9.56005
										3.75411	-1.91536	-8.89685
										4.98473	-1.77410	-9.87369
										4.46519	-2.53546	-9.75637
										3.78763	-1.13485	-10.02931
										4.97276	-1.03190	-9.56723
										4.58250	-1.43892	-10.67575
										4.73573	-1.60651	-9.47146
										4.33111	-1.20428	-10.28310
										4.51546	-2.11647	-9.75398
										3.87861	-1.86269	-9.78989
										4.65433	-1.32399	-10.01734
										4.30477	-1.84354	-9.67257
										4.11803	-1.46286	-9.70131
										4.21619	-1.81480	-9.87369
										4.06057	-2.05422	-10.00297
										5.08528	-1.40779	-9.55047
										5.63834	-0.99599	-8.63589
										5.60722	-1.19231	-8.84658
										4.20422	-1.53229	-9.76834
										5.48751	-1.17795	-8.42998
										5.56173	-1.41497	-8.99262
										4.26168	-1.75016	-10.18733
										5.29597	-1.33836	-8.81784
										5.36301	-1.34315	-9.19852
										5.31992	-1.51792	-9.76834
>	15:20:41	51.362327	17.609985	201.70	15	28	31	0.00	17.30	45.00	4.93684	-1.19471	-9.15303
										5.28161	-1.16358	-9.73004
										5.22894	-1.45089	-9.78510
										5.53300	-1.18992	-9.78510
										5.42047	-1.31921	-10.20888
										5.39174	-1.15640	-9.70849
										5.49709	-0.99359	-9.28950
										5.14993	-1.21865	-9.31823
										5.20978	-1.19950	-9.21768
										4.96557	-1.25456	-9.25359
										5.16669	-1.10852	-9.23444
										5.60483	-1.03430	-8.62391
										5.90889	-0.97923	-8.40125
										6.12676	-0.84994	-8.05409
										6.43322	-0.80685	-7.90565
										6.34463	-0.74699	-9.34218
										6.36618	-0.74699	-9.22965
										6.92882	-0.78290	-8.70053
										6.86178	-0.93613	-8.92558
										6.85460	-0.87628	-9.11233
										6.77799	-0.93374	-9.02853
										6.61518	-0.93613	-8.48266
										6.66785	-0.78769	-8.51139
										6.06691	-0.96726	-8.45393
										6.59603	-0.73023	-7.82665
										6.45716	-0.95050	-8.47069
>	15:20:43	51.361982	17.609702	202.00	15	28	31	0.00	17.30	45.00	6.75883	-1.16358	-8.59040
										7.08444	-0.92177	-8.19296
										6.56490	-1.12527	-9.03332
										6.60081	-1.04866	-8.33182
										6.24887	-0.99359	-7.87214
										6.71813	-0.80445	-8.22169
										5.58328	-1.33357	-8.64546
										5.87537	-0.69432	-7.31429
										7.43639	-0.76614	-9.20331
										5.91128	-1.84593	-9.89763
										5.65989	-1.18034	-7.78834
										7.27598	-0.40701	-7.98466
										6.07888	-1.54665	-10.19930
										6.11719	-1.27372	-8.59758
										6.54335	-0.81163	-7.86735
										6.07888	-1.10852	-8.69095
										6.43083	-0.96965	-8.73884
										6.01423	-1.06303	-8.11634
										6.27520	-0.58419	-7.93917
										5.65989	-1.20428	-9.18895
										5.21936	-1.38145	-9.66300
										5.52103	-1.30484	-8.71729
										5.98072	-1.20428	-9.02853
										5.54258	-1.86029	-9.71088
										5.18584	-1.58496	-9.42597
										5.37498	-1.46046	-9.41879
>	15:20:45	51.361610	17.609446	201.90	15	28	31	0.00	17.30	45.00	5.12599	-1.29526	-9.11233
										4.94163	-1.39821	-8.58800
										4.49870	-1.30484	-8.49702
										4.46519	-1.48680	-8.88009
										4.36942	-1.54187	-8.93995
										4.45082	-1.72622	-8.78433
										4.35505	-1.80523	-9.56723
										5.42766	-2.02789	-10.28788
										4.87938	-2.11887	-9.36133
										4.83389	-1.84593	-9.93354
										5.36062	-1.96325	-10.44351
										5.19781	-2.02071	-9.68694
										4.77883	-1.58017	-9.69412
										5.03022	-1.82678	-10.29507
										-2.30083	6.12916	0.00000
										4.95839	-1.59214	-9.90481
										5.04698	-2.12366	-9.39724
										4.51546	-1.85072	-9.25119
										4.87220	-1.67115	-9.57920
										5.47554	-1.74298	-10.18972
										5.01585	-1.80044	-8.62152
										3.79481	-1.20428	-8.95671
										4.70221	-1.36709	-8.84658
										4.58968	-1.54426	-9.01896
										4.40054	-1.22104	-9.05008
										4.31196	-1.38864	-9.58399
										4.73094	-1.55863	-9.30866
										4.24971	-1.34315	-9.20092
										5.14035	-1.80044	-9.46189
										4.68545	-1.86269	-8.95910
										4.43646	-1.82199	-9.02135
										4.42209	-1.81241	-8.94713
										4.83389	-1.79805	-9.00220
										5.05416	-1.93451	-9.87608
										4.64715	-2.17872	-8.81066
										4.60405	-1.67594	-9.24880
										5.53061	-2.00395	-9.86411
										4.96797	-2.06859	-9.69891
										4.54659	-1.49159	-9.67257
										4.34548	-1.25217	-10.10593
										5.11401	-0.99120	-10.12508
										4.93684	-0.95050	-9.87369
										4.70939	-1.11570	-9.44034
										4.64954	-1.45807	-8.84658
										4.66391	-1.73580	-9.45710
										4.51068	-1.97522	-8.18578
										4.01747	-1.94888	-8.87770
										4.92966	-2.03028	-9.25598
										4.54180	-1.86508	-8.86333
										4.69024	-1.52989	-9.22246
										4.81474	-1.81002	-9.57920
>	15:20:49	51.360840	17.608930	201.60	15	28	31	0.00	17.30	45.00	4.80995	-1.75016	-9.50259
										5.01825	-1.73819	-10.05086
										4.71179	-1.52989	-9.95030
										4.83868	-1.37667	-9.89763
										4.69982	-1.27850	-9.76834
										4.90333	-1.28569	-9.91439
										5.01106	-1.63763	-10.07720
										4.71418	-1.66397	-9.32781
										4.91290	-1.74058	-9.91439
										4.74770	-1.76932	-9.47864
										4.83629	-1.59214	-9.53611
										4.85305	-1.85072	-9.50498
										4.65672	-1.63045	-9.10515
										4.99909	-1.78368	-9.83059
										4.54898	-1.58257	-9.31344
										4.77404	-1.33836	-9.65103
										4.66151	-1.60651	-9.34457
										4.72376	-1.46286	-9.03093
										4.60405	-1.68312	-8.92558
										4.18028	-1.67355	-8.54969
										4.40533	-1.63763	-9.03332
										4.35505	-1.70707	-8.96629
										4.50589	-1.57060	-9.47864
										4.64475	-1.70707	-9.67497
										4.94163	-1.78129	-9.97185
										4.89854	-2.05183	-9.73722
>	15:20:50	51.360644	17.608794	201.70	15	28	31	0.00	17.30	45.00	4.34548	-1.70707	-8.62870
										3.96240	-1.71185	-8.33182
										4.16112	-1.85072	-7.69257
										3.84269	-2.00395	-8.36534
										4.39815	-2.19548	-9.31105
										3.99592	-2.27210	-7.79073
										4.79080	-1.76692	-11.00375
										5.91847	-2.47082	-10.99896
										4.55856	-1.44370	-9.58399
										5.32710	-1.27372	-11.57357
										5.24570	-2.09014	-11.13064
										5.33907	-1.65200	-9.96706
										4.63517	-1.73580	-9.47146
										4.53701	-1.92254	-9.34696
										4.54659	-1.96325	-8.43477
										3.94086	-1.90339	-8.14268
										4.60884	-1.82917	-8.48266
										4.62560	-1.97522	-9.01417
										4.37899	-1.82438	-8.72447
										3.86424	-1.35512	-8.90882
										4.63278	-1.52271	-9.65821
										5.05177	-1.61609	-10.12508
										4.56335	-1.59214	-9.48104
										4.64236	-1.69270	-10.35013
										5.07331	-2.01592	-10.46266
										5.05895	-1.85072	-9.54089
>	15:20:52	51.360255	17.608511	201.60	15	28	31	0.00	17.30	45.00	4.35266	-1.86508	-8.97347
										4.71658	-1.40779	-9.26556
										4.53462	-1.55623	-9.80904
										4.54419	-1.27132	-9.40203
										4.42688	-1.51314	-9.36133
										4.80516	-1.73340	-9.61751
										4.50828	-1.98000	-9.27274
										9.16979	-3.80678	-19.05306
										9.17458	-3.79720	-19.31163
										4.72855	-1.75256	-9.64384
										4.54419	-1.81959	-9.34936
										4.58490	-1.83635	-9.50977
										4.97515	-1.99916	-10.00776
										4.42688	-1.90339	-8.88967
										4.48913	-1.50835	-9.24880
										4.63757	-1.71904	-9.59357
										4.22337	-1.64003	-8.35576
										4.13718	-1.35751	-9.11233
										4.13718	-1.57299	-9.09557
										4.24013	-1.64242	-9.03332
										4.56095	-1.80523	-9.63187
										4.63517	-2.01592	-9.51216
										4.67588	-1.96325	-10.20888
										4.98712	-2.02549	-10.50097
										5.10923	-2.11887	-10.35971
										4.86741	-1.92733	-10.29267
>	15:20:54	51.359856	17.608224	201.20	15	28	31	0.00	17.30	45.00	4.93684	-2.08056	-10.04128
										4.85305	-1.99198	-9.63666
										4.57532	-1.87945	-9.27514
										4.43406	-1.74537	-8.91840
										4.28323	-1.64482	-8.97826
										4.21140	-1.65918	-8.90882
										4.28562	-1.69749	-9.13867
										4.53462	-1.77889	-9.36851
										4.53701	-1.83396	-9.66300
										4.94642	-2.08056	-10.44590
										4.45082	-1.93691	-9.13148
										4.87699	-1.74058	-11.05642
										5.19781	-2.04944	-9.93115
										4.32393	-1.77889	-9.72525
										4.46279	-1.88424	-9.07402
										4.58490	-2.04704	-9.88326
										4.73573	-2.32238	-8.20732
										3.74693	-2.05662	-9.10036
										4.75249	-2.05662	-9.23683
										3.46920	-1.64721	-8.27197
										4.54419	-1.63285	-9.07163
										4.39575	-1.98240	-8.87052
										3.51469	-1.69749	-9.05008
										4.74291	-2.05183	-9.46428
										3.73256	-1.59454	-10.22803
										5.48272	-1.66876	-9.86651
>	15:20:56	51.359433	17.607925	201.00	12	25	25	0.00	17.60	44.60	3.75171	-1.70467	-8.89446
										5.17148	-2.21703	-10.81461
										4.19943	-2.03268	-8.49223
										4.86981	-1.74777	-10.06283
										4.63039	-2.24337	-9.93354
										3.33991	-1.38385	-8.37492
										4.64236	-1.49877	-10.35013
										4.46758	-1.79565	-9.67976
										4.58729	-1.43413	-9.65342
										4.53222	-1.89860	-10.44111
										4.49631	-1.66876	-9.79947
										4.73094	-1.71425	-10.04846
										4.95600	-1.74058	-10.22085
										4.43406	-1.43652	-9.29429
										4.31675	-1.42216	-9.54808
										3.61046	-1.40779	-7.95833
										3.77087	-1.17795	-8.95671
										4.36224	-1.48201	-9.17698
										3.59370	-1.40779	-7.98466
										4.01268	-1.45089	-9.85453
										4.56095	-1.78607	-9.69652
										3.94564	-1.65439	-8.88728
										5.26485	-1.70707	-11.16177
										4.45082	-1.84114	-9.96706
										4.08451	-1.06542	-9.29669
										4.52744	-1.39821	-10.63265
>	15:20:58	51.359018	17.607650	201.20	12	25	25	0.00	17.60	44.60	4.17549	-2.17154	-9.36851
										4.22816	-1.88424	-9.28232
										4.58250	-2.05183	-10.40759
										4.69742	-2.10450	-9.94551
										3.75650	-1.84114	-8.99502
										4.16352	-1.79805	-10.60392
										4.78362	-2.26970	-10.40281
										4.42448	-1.85790	-9.08360
										5.13317	-2.26252	-10.80743
										4.72137	-2.59771	-9.61990
										4.47476	-2.17394	-8.78193
										4.16112	-2.01592	-8.34379
										4.10366	-2.20985	-8.15705
										3.89537	-2.15718	-8.31267
										4.09887	-2.16436	-9.00220
										4.43406	-2.08535	-9.46667
										4.46997	-1.89621	-9.89284
										4.86741	-1.96325	-10.74997
										4.92008	-1.96325	-10.52491
										4.86502	-1.86508	-10.78109
										4.58250	-1.94649	-9.92636
										4.76207	-1.87466	-10.05804
										5.01585	-2.27210	-9.69173
										4.34069	-1.96803	-8.87531
										4.10366	-1.77171	-8.98304
										3.91691	-1.76213	-8.42759
