>	15:12:01	51.434965	17.693195	155.60	20	38	46	0.00	10.20	57.40	-8.61194	-4.03662	-2.33914
										-8.44435	-4.19943	-2.32716
										-8.67898	-4.27844	-2.42772
										-8.49223	-4.17309	-2.27689
										-8.65504	-4.01029	-2.36787
										-8.22648	-3.96240	-2.42054
										-8.36295	-4.15155	-2.56180
										-8.26239	-4.18746	-2.34632
										-8.59997	-4.03184	-2.36308
										-8.37731	-4.05817	-2.29365
										-8.51857	-4.08930	-2.33914
										-16.85039	-8.44196	-4.55377
										-8.64067	-4.39336	-2.42772
										-8.33182	-4.38378	-2.31280
										-8.58800	-4.08690	-2.45645
										-8.44674	-4.18506	-2.45645
										-8.51618	-4.24013	-2.51870
										-8.45153	-3.98635	-2.45166
										-8.42759	-3.86424	-2.46842
										-8.50420	-4.07254	-2.49715
										-8.44196	-4.17070	-2.25055
										-8.98304	-4.09887	-2.31280
										-8.86812	-4.37421	-2.22421
										-8.97107	-4.51307	-2.17633
										-9.06205	-4.46040	-1.99437
										-9.29429	-4.49870	-1.98240
>	15:12:03	51.434735	17.692801	154.90	20	35	42	0.00	10.20	57.60	-8.30070	-4.27604	-1.80523
										-8.65265	-4.28323	-1.96085
										-8.40844	-4.43167	-1.94170
										-8.61913	-4.30717	-2.03268
										-8.55688	-4.32393	-1.88903
										-8.79630	-4.50110	-1.97522
										-8.50420	-4.64954	-1.82438
										-8.68856	-4.46279	-1.97761
										-8.55927	-4.43406	-2.00874
										-8.29830	-4.43885	-2.08774
										-8.32943	-4.16352	-2.04944
										-8.06846	-4.03662	-1.97282
										-8.17620	-3.98874	-2.02071
										-8.26718	-4.07733	-1.99198
										-8.26239	-4.16831	-1.85551
										-8.67180	-4.10366	-2.11408
										-8.25281	-4.24971	-1.97282
										-9.06445	-4.37899	-2.20506
										-8.64307	-4.66391	-1.83396
										-9.04769	-4.53222	-2.16436
										-8.90643	-4.64715	-2.26491
										-8.71489	-4.86023	-2.39420
										-8.86094	-4.62560	-2.46363
										-8.39886	-4.44603	-2.21942
										-8.78672	-4.35505	-2.36068
										-8.26957	-4.40054	-2.08774
>	15:12:04	51.434604	17.692627	153.90	20	35	42	0.00	10.20	57.60	-8.51378	-4.70700	-1.85311
										-8.49223	-4.79798	-1.97043
										-8.66222	-4.74052	-2.05422
										-8.55209	-4.83868	-1.96803
										-8.73405	-5.03022	-2.13323
										-8.46829	-5.09726	-1.98000
										-8.62391	-5.01585	-2.03507
										-8.55688	-4.97994	-2.01592
										-8.47069	-5.07810	-2.17872
										-7.98945	-4.93445	-2.00634
										-8.37731	-4.61363	-2.20985
										-8.10198	-4.71897	-2.05183
										-8.49223	-4.90333	-2.33195
										-8.05170	-4.98473	-2.28167
										-8.24563	-4.69024	-2.54025
										-8.10677	-4.56335	-2.45645
										-8.35816	-4.61363	-2.41814
										-8.15705	-4.72376	-2.32716
										-8.34379	-4.71658	-2.49955
										-8.40125	-4.78122	-2.61686
										-8.56406	-4.88657	-2.68151
										-8.35576	-4.83868	-2.57616
										-8.70053	-4.70461	-2.72700
										-8.35816	-4.97276	-2.70066
										-8.52336	-5.07092	-2.76770
										-8.26718	-4.83389	-2.55701
										-8.22648	-4.74770	-2.70545
										-8.35816	-4.70939	-2.77967
										-8.32464	-4.72137	-2.61686
										-8.41323	-4.64715	-2.66714
										-8.29351	-4.60884	-2.71742
										-8.24802	-4.54659	-2.79164
										-8.31985	-4.51068	-2.80600
										-8.49223	-4.58011	-2.80361
										-8.49223	-4.71897	-2.80361
										-8.52815	-4.70221	-2.80840
										-8.41083	-4.68066	-2.86825
										-8.37971	-4.69982	-2.91614
										-8.15944	-4.71658	-2.73657
										-8.42520	-4.58729	-2.66714
										-8.04931	-4.49392	-2.54264
										-8.05649	-4.38857	-2.64320
										-8.03973	-4.50828	-2.67432
										-8.41801	-4.76686	-2.78924
										-8.04212	-4.84108	-2.55940
										-8.41801	-4.46758	-2.69108
										-8.05409	-4.59447	-2.59771
										-8.48026	-4.89614	-2.77009
										-8.30070	-4.97276	-2.64559
										-8.44196	-4.69024	-2.88980
										-7.81946	-4.63278	-2.81319
										-8.29351	-4.74291	-2.65517
										-8.31985	-4.80037	-2.61447
										-8.09958	-4.78601	-2.67193
										-8.05170	-4.60405	-2.65517
										-8.45871	-4.69024	-2.71742
										-8.33422	-4.97276	-2.61447
										-8.12831	-4.78601	-2.56419
										-8.37731	-4.44124	-2.62405
										-8.25521	-4.80756	-2.65278
										-8.49702	-5.26724	-2.77488
										-8.26000	-5.22654	-2.71981
										-8.25281	-4.68785	-2.63602
										-7.71172	-4.34308	-2.26252
										-8.51139	-4.52504	-2.48518
										-7.78594	-5.17387	-2.11647
										-8.26239	-5.33907	-2.35829
										-8.10437	-4.91290	-2.08296
										-8.44196	-4.67109	-2.50912
										-8.16423	-4.78362	-2.41814
										-8.34379	-4.80516	-2.60968
										-8.19535	-4.85305	-2.79164
										-7.94157	-4.79080	-2.95684
										-8.12831	-4.58250	-2.99515
										-8.26000	-4.52265	-2.84910
										-8.28394	-4.64475	-2.83713
										-8.26478	-4.58011	-2.64559
										-8.48266	-4.73334	-2.75812
										-8.09958	-5.03261	-2.63602
										-8.46350	-4.84347	-2.73657
										-8.42998	-4.84108	-2.72939
										-8.49223	-5.11401	-2.87544
										-8.40365	-4.95121	-2.77488
										-8.40604	-4.66391	-2.81319
										-8.28873	-4.68545	-2.78924
										-8.12831	-4.98952	-2.71263
										-8.31506	-5.08289	-2.70066
										-8.01100	-5.00388	-2.49715
										-8.44435	-4.81235	-2.56419
										-8.01339	-4.85544	-2.43969
										-7.88650	-4.77643	-2.54504
										-7.85059	-4.62320	-2.53546
										-7.93917	-4.67588	-2.61926
										-7.76440	-4.69742	-2.58813
										-8.00142	-4.50110	-2.59292
										-7.93438	-4.45561	-2.57377
										-8.12592	-4.70700	-2.54982
										-8.28154	-4.82671	-2.39660
										-8.42041	-4.84108	-2.47560
										-8.25521	-4.89614	-2.51870
										-8.57124	-4.92727	-2.62165
										-8.48505	-4.88417	-2.44448
										-8.20493	-4.91769	-2.38462
										-8.38689	-4.57053	-2.47082
										-8.25042	-4.42209	-2.36308
										-8.31746	-4.50349	-2.41575
										-8.33182	-4.42448	-2.25534
										-8.42280	-4.30717	-2.13563
										-8.54251	-4.18267	-2.15957
										-8.63110	-4.25450	-2.10450
										-8.60715	-4.23295	-2.10211
										-8.67419	-4.12282	-2.12845
										-8.84897	-4.21380	-2.22182
										-8.70053	-4.41730	-2.14281
										-8.86333	-4.35984	-2.25055
										-8.77954	-4.42927	-2.39420
										-8.69574	-4.49631	-2.43490
										-8.74362	-4.35266	-2.35350
										-8.71011	-4.24253	-2.37026
										-8.52575	-4.27365	-2.43730
										-8.49223	-4.24013	-2.43251
										-8.41562	-4.25450	-2.35829
										-8.48505	-4.27844	-2.27689
										-8.47069	-4.13957	-2.11169
										-8.32224	-4.14676	-2.09732
										-8.46350	-4.30717	-2.13084
>	15:12:10	51.433831	17.691422	150.60	20	36	43	0.00	10.30	57.90	-8.71968	-4.36463	-2.36308
										-8.65265	-4.45082	-2.48039
										-8.46350	-4.61123	-2.61207
										-8.66940	-4.44843	-2.60489
										-8.63110	-4.42927	-2.56658
										-8.47308	-4.46758	-2.55222
										-8.38689	-4.35266	-2.58095
										-8.42041	-4.42209	-2.63123
										-8.40604	-4.47955	-2.49955
										-8.41801	-4.19464	-2.42533
										-8.14268	-4.09169	-2.48039
										-8.46350	-4.45800	-2.60729
										-8.55927	-4.72855	-2.44448
										-8.58082	-4.60644	-2.50433
										-8.52575	-4.41730	-2.49715
										-8.47787	-4.41730	-2.46842
										-8.36295	-4.50110	-2.44927
										-8.42280	-4.53941	-2.55940
										-8.57124	-4.59926	-2.60250
										-8.49463	-4.52744	-2.44209
										-8.44435	-4.22816	-2.38702
										-8.51378	-4.24492	-2.57137
										-8.42041	-4.72615	-2.55940
										-8.42041	-4.64715	-2.32477
										-8.42520	-4.05817	-2.24576
										-8.27676	-4.12042	-2.24097
>	15:12:12	51.433693	17.691207	150.60	18	35	45	0.00	10.30	57.90	-8.70771	-4.22098	-1.96085
										-8.76517	-4.31435	-1.87705
										-8.58321	-4.60166	-1.94649
										-8.64067	-4.60166	-2.05183
										-8.57603	-4.33351	-2.07817
										-8.28633	-4.10127	-2.07098
										-8.26957	-4.05817	-2.09971
										-8.29591	-4.21380	-1.93212
										-8.34140	-4.33590	-1.88663
										-8.17859	-4.29520	-1.90100
										-8.11634	-4.13239	-1.98719
										-8.39407	-3.95762	-1.80523
										-8.55927	-3.94804	-1.56820
										-8.62870	-3.91452	-1.75016
										-8.87531	-3.99353	-1.97761
										-8.76038	-4.44364	-2.18351
										-8.73405	-4.75728	-2.37265
										-8.75081	-4.38618	-2.02310
										-8.88728	-3.87382	-1.70707
										-8.79869	-3.89297	-1.73819
										-8.69574	-4.23295	-1.91297
										-8.69095	-4.38857	-2.23618
										-8.48026	-4.26168	-2.19788
										-8.83939	-4.02944	-2.03507
										-9.00459	-4.06535	-1.95846
										-8.67180	-4.12521	-2.02310
										-9.13148	-4.09408	-1.97043
										-9.12670	-4.18985	-2.06141
										-8.78911	-4.43406	-2.16915
										-8.67180	-4.21619	-2.09732
										-8.71729	-3.88818	-1.91776
										-8.60955	-3.98635	-1.75974
										-8.63110	-3.98874	-1.89381
										-8.22648	-4.01747	-2.14999
										-8.37013	-3.97677	-2.29125
										-8.30549	-3.86424	-2.12126
										-8.19535	-3.96240	-2.09732
										-8.32703	-3.99353	-2.03028
										-8.36773	-3.92649	-2.01352
										-8.63828	-3.87382	-2.15239
										-8.50660	-3.89058	-2.23140
										-8.62391	-3.96001	-2.38941
										-8.53294	-4.01747	-2.18351
										-8.84418	-4.08930	-2.15239
										-8.88249	-4.29520	-2.12126
										-9.10994	-4.21380	-2.17633
										-9.04051	-4.18985	-2.21942
										-8.83700	-4.28083	-2.29365
										-8.88249	-4.16112	-2.33435
										-8.77236	-4.16352	-2.29125
										-8.60955	-4.20901	-2.20267
										-8.33422	-3.87382	-1.89381
										-8.38449	-3.95762	-1.88663
										-8.67898	-4.01508	-1.91297
										-9.03093	-4.26407	-2.00155
										-9.05248	-4.34069	-2.04225
										-9.44991	-4.16352	-2.25055
										-9.57202	-4.36224	-2.35111
										-9.91918	-4.63039	-2.50194
										-9.41161	-4.62320	-2.34392
										-9.91918	-4.27365	-2.42772
										-9.23444	-4.58729	-2.16196
										-10.02452	-5.06852	-2.54982
										-8.45632	-5.19063	-1.84593
										-9.10275	-4.45082	-2.18351
										-7.84101	-3.96959	-1.35991
										-7.84101	-3.89058	-1.54665
										-7.64708	-3.85227	-1.40300
										-7.65426	-3.96719	-1.34554
										-7.69257	-3.91213	-1.55384
										-7.99903	-3.69186	-1.85072
										-8.32703	-3.76847	-2.18351
										-7.94157	-4.04620	-2.07817
										-8.43956	-3.93128	-2.13323
										-8.93037	-4.06775	-1.98240
										-8.85855	-4.42927	-1.99916
										-8.59040	-4.22337	-1.81241
										-8.47069	-4.00311	-2.03028
										-8.49223	-4.04620	-2.06141
										-8.37731	-4.27365	-2.04704
										-8.47069	-4.07493	-1.98479
										-8.33661	-3.94325	-1.77410
										-8.66701	-4.15633	-1.87945
										-8.38449	-4.30238	-1.59693
										-8.64786	-4.12760	-1.74058
										-8.56885	-4.24971	-1.78129
										-8.80827	-4.39097	-1.83156
										-8.85376	-4.32632	-1.82917
										-8.71968	-4.34787	-1.94888
										-8.89685	-4.29520	-2.00874
										-8.74123	-4.34548	-1.90339
										-8.71489	-4.22577	-2.07338
										-8.36773	-4.02944	-2.08774
										-8.65504	-4.06535	-2.32238
										-8.25521	-4.20182	-2.12366
										-8.32224	-3.89297	-2.23140
										-8.14507	-3.78763	-2.21224
										-7.93917	-3.96001	-2.16196
										-8.17141	-3.82593	-2.12605
										-8.00621	-3.80439	-2.03028
										-8.44196	-3.87861	-2.09253
										-9.53132	-4.45082	-2.30083
										-9.15064	-4.53462	-2.17394
										-9.22965	-4.36463	-2.37265
										-9.10754	-4.45082	-2.35829
										-8.83700	-4.66391	-2.03986
										-9.00220	-4.48913	-1.88663
										-8.57842	-4.32632	-1.88903
										-8.60237	-4.18985	-2.24097
										-8.23127	-4.07972	-2.26970
										-8.14986	-3.84988	-2.45166
										-7.79313	-3.71820	-2.25294
										-8.03015	-3.73974	-2.22182
										-7.72369	-3.86903	-1.94409
										-7.83383	-3.73017	-1.94409
										-8.08522	-3.76847	-1.88424
										-8.26478	-4.03423	-1.92733
										-8.42759	-3.93846	-1.98000
										-8.39647	-3.83072	-2.19548
										-8.84179	-4.11084	-2.49715
										-8.67659	-4.30238	-2.23140
										-9.14585	-4.06535	-2.38702
										-8.84418	-4.23534	-2.32716
										-9.19852	-4.36463	-2.38702
										-9.05487	-4.30477	-2.22421
										-8.82982	-4.20422	-2.36547
										-8.59758	-4.20661	-2.17154
										-8.40604	-4.19464	-2.04704
										-8.36055	-3.94804	-2.11169
										-8.42280	-3.98156	-2.23379
										-8.35337	-4.01268	-2.06620
										-8.58321	-3.81396	-2.13323
										-8.49702	-3.93367	-2.24576
										-8.86812	-4.05817	-2.30322
										-8.88249	-4.15155	-2.24576
										-9.18895	-4.24731	-2.38223
										-8.96150	-4.34069	-2.22900
										-9.26317	-4.46040	-2.21942
										-9.11233	-4.55856	-2.12605
										-8.83221	-4.34787	-2.14760
										-8.75320	-4.13239	-2.25055
										-8.52336	-4.24253	-2.23618
										-8.64307	-4.08690	-2.23618
										-8.37013	-3.85227	-2.07577
										-8.66462	-3.89058	-2.26731
										-8.25281	-4.11563	-2.10929
										-8.62391	-4.07254	-2.26013
										-8.60955	-4.19704	-2.16436
										-8.83221	-4.34787	-2.26013
										-8.79869	-4.30956	-2.17154
										-8.78911	-4.27844	-2.30801
										-8.63110	-4.22577	-2.46363
										-8.69095	-4.45800	-2.75094
										-8.61673	-4.34069	-2.87783
										-8.86573	-4.22098	-3.02388
										-8.59758	-4.28083	-2.88501
										-8.85615	-4.24253	-2.97599
										-8.51618	-4.30717	-2.90656
										-8.63349	-4.35266	-3.08373
										-8.45153	-4.29999	-2.88741
										-8.49223	-4.20182	-2.90656
										-8.01818	-4.12042	-2.75094
										-8.13550	-4.09408	-2.83952
										-8.00142	-4.28323	-2.66235
										-8.05649	-4.29999	-2.50912
										-8.19775	-4.06775	-2.46124
										-8.37492	-4.15633	-2.72221
										-8.18099	-4.36463	-2.82037
										-8.30549	-4.34069	-2.98796
										-8.43717	-4.29759	-3.08134
										-8.36295	-4.44124	-2.95923
										-8.54251	-4.50110	-2.95205
										-8.29112	-4.47955	-2.71263
										-8.46350	-4.46279	-2.70784
										-8.34858	-4.56095	-2.52588
										-8.62870	-4.65672	-2.61447
										-8.17620	-4.73573	-2.28167
										-7.98227	-4.57293	-2.25294
										-8.19056	-4.61363	-2.48039
										-7.96551	-4.65912	-2.36547
										-8.16423	-4.63039	-2.54982
										-8.04452	-4.68066	-2.60968
										-8.00621	-4.69982	-2.66953
										-8.13550	-4.58490	-2.63841
										-8.04931	-4.58250	-2.65278
										-8.19296	-4.59447	-2.81319
										-7.93917	-4.58490	-2.81319
										-8.05409	-4.54659	-3.01191
										-7.77397	-4.53941	-2.84431
										-8.10677	-4.56574	-2.76291
										-8.06367	-4.78840	-2.50912
										-8.34140	-4.73334	-2.51870
										-7.98227	-4.54659	-2.39420
										-8.32464	-4.61841	-2.71981
										-8.39886	-4.90093	-2.70784
										-8.44674	-4.86981	-2.81558
										-8.54251	-4.69503	-2.91853
										-8.51139	-4.72376	-2.87304
										-8.76038	-4.85065	-2.82276
										-8.42759	-4.97036	-2.63841
										-8.66462	-4.88417	-2.77009
										-8.33661	-4.62320	-2.83234
										-8.09001	-4.41970	-2.65517
										-8.33182	-4.46997	-2.86586
										-8.41323	-4.83150	-2.79164
										-8.42998	-4.84586	-2.77967
										-8.59758	-4.65193	-2.94247
										-8.60955	-4.80037	-3.00233
										-8.87052	-4.92248	-3.11964
										-8.54730	-4.80277	-3.13640
										-8.66701	-4.53701	-3.47878
										-8.13550	-4.65193	-3.19147
										-8.47787	-4.64475	-3.50990
										-7.99903	-4.80037	-3.28963
										-8.31746	-4.65672	-3.62722
										-7.75003	-4.46758	-3.30639
										-7.88889	-4.48195	-3.69665
										-7.77876	-4.47955	-3.52905
										-7.96311	-4.70461	-3.65595
										-7.79791	-4.74052	-3.55300
										-7.84580	-4.67109	-3.54821
										-7.72609	-4.59687	-3.51708
										-7.65666	-4.62320	-3.37582
										-7.63750	-4.60405	-3.33512
										-7.46751	-4.55617	-3.11964
										-7.49864	-4.40294	-3.09331
										-8.01100	-4.56095	-3.22499
										-8.13310	-4.53222	-3.12683
										-8.45632	-4.80037	-3.37343
										-8.37731	-5.10923	-3.42850
										-8.51857	-5.03501	-3.56975
										-8.62631	-4.74531	-3.54581
										-8.39886	-4.80516	-3.66552
										-8.48266	-5.03740	-3.86903
										-8.17141	-5.09965	-3.83072
										-8.30788	-4.91051	-4.03184
										-7.86735	-4.90811	-3.62243
										-8.13071	-4.85065	-3.64637
										-7.79791	-4.78840	-3.35907
										-7.91284	-4.90093	-3.65355
										-7.67581	-5.01346	-3.61285
										-7.63272	-4.83150	-3.58651
										-7.83622	-4.69264	-3.62003
										-7.52258	-4.85065	-3.50032
										-7.80270	-4.82671	-3.53863
										-7.56089	-4.64475	-3.33991
										-7.63272	-4.62799	-3.52666
										-7.72848	-4.81235	-3.48596
										-7.97748	-4.86023	-3.47638
										-8.04212	-4.86741	-3.44047
										-8.22408	-4.97994	-3.48356
										-7.90805	-4.69503	-3.45723
										-8.21929	-4.75249	-3.65834
										-7.80749	-4.87699	-3.43329
										-7.99424	-4.78840	-3.68228
										-8.03015	-4.89375	-3.58173
										-8.14507	-5.04937	-3.45244
										-8.09240	-4.89854	-3.33273
										-8.26478	-4.83389	-3.52666
										-8.39407	-5.15232	-3.75171
										-8.03494	-5.09247	-3.63919
										-8.31985	-4.68785	-3.99353
										-7.94157	-4.78840	-4.01986
										-7.96311	-4.91051	-3.98635
										-7.74524	-4.58011	-3.68707
										-7.81707	-4.41970	-3.80918
										-7.78834	-4.67348	-3.72059
										-7.68539	-4.66869	-3.51948
										-7.79552	-4.58011	-3.65116
										-7.80749	-4.81235	-3.57694
										-8.19296	-4.99909	-3.42610
										-8.01818	-5.08050	-3.24175
										-8.29830	-5.13317	-3.48596
										-8.21690	-5.30795	-3.44286
										-8.32224	-5.33428	-3.54102
										-8.38928	-5.35104	-3.68468
										-7.63750	-4.74052	-3.69904
										-7.50103	-4.52265	-3.55778
										-7.74524	-4.74291	-3.60567
										-7.69975	-5.06852	-3.37582
										-7.77876	-4.84347	-3.39737
										-7.90087	-4.51307	-3.54342
										-7.81707	-4.70939	-3.59370
										-7.91523	-4.93206	-3.55060
										-7.81707	-4.71418	-3.33033
										-7.94157	-4.78122	-3.36625
										-8.03255	-5.17148	-3.14838
										-7.67581	-5.35822	-2.74854
										-8.32703	-5.44441	-2.96642
										-7.88889	-5.63834	-2.61926
										-7.99185	-5.74130	-2.58574
										-7.98706	-5.78679	-2.30801
										-8.30070	-5.90410	-2.05183
										-8.15226	-5.99269	-1.56102
										-8.26718	-6.04296	-1.13246
										-8.65983	-6.02621	-0.62968
										-8.44435	-5.98311	-0.82600
										-7.71412	-5.88016	-0.83558
										-7.78834	-5.60483	-0.90980
										-8.14747	-5.36541	-0.76136
										-7.95354	-5.35583	-0.59376
										-8.22408	-5.38217	-1.01514
										-8.17620	-5.58807	-0.91459
										-8.09001	-5.59764	-0.85473
										-8.32464	-5.40132	-1.10852
										-8.26718	-5.54497	-1.32878
										-8.46590	-5.69102	-1.55623
										-8.54969	-5.66708	-1.56341
										-8.57124	-5.71496	-1.69031
										-8.36534	-5.78200	-1.61369
										-8.37731	-5.67665	-1.57538
										-8.32703	-5.54497	-1.65918
										-8.10198	-5.45399	-1.82917
										-8.05170	-5.33428	-2.02549
										-7.98706	-5.24570	-2.21942
										-7.74045	-5.21936	-2.47800
										-7.76200	-5.20739	-2.85389
										-7.85538	-5.18584	-3.05500
										-7.83143	-5.15950	-3.12443
										-7.82665	-5.05655	-3.22978
										-7.68778	-4.87699	-3.30400
										-8.03255	-4.86502	-3.57454
										-7.68299	-5.24570	-3.31597
										-7.75721	-5.20499	-3.31597
										-7.93438	-4.94403	-3.15077
										-8.05170	-5.20739	-3.07176
										-8.01100	-5.05895	-3.68946
										-8.01100	-4.81953	-3.67749
										-8.08522	-4.72137	-3.80678
										-7.95833	-5.13077	-3.78284
										-8.24324	-5.36062	-3.69425
										-8.46829	-5.41568	-3.53145
										-8.20014	-5.45639	-3.24414
										-8.27676	-5.27203	-3.20105
										-8.39407	-5.37498	-3.17471
										-7.86016	-5.59525	-2.95684
										-7.92002	-5.24330	-3.05979
										-7.84580	-4.86981	-3.11246
										-7.57525	-5.00867	-3.19147
										-7.75961	-5.17387	-3.20823
										-7.78834	-5.14753	-3.01191
										-7.85298	-5.22654	-3.11486
										-7.94636	-5.26724	-3.11964
										-8.04452	-5.15232	-3.05979
										-8.00621	-5.13317	-3.27048
										-7.82425	-5.18105	-3.31836
										-7.99903	-5.10683	-3.40695
										-7.87692	-5.20499	-3.45004
										-7.73327	-5.21457	-3.37104
										-7.73806	-4.87938	-3.15077
										-7.64947	-4.85784	-3.03824
										-7.44357	-4.98712	-3.38061
										-7.54174	-5.00388	-3.58412
										-7.60159	-4.78362	-3.56257
										-7.49385	-4.54659	-3.63679
										-7.69975	-4.57293	-3.97198
										-7.62553	-4.60884	-4.04859
										-7.55849	-4.54898	-4.13479
										-7.91523	-4.49152	-4.32872
										-7.81707	-4.79080	-4.27126
										-8.04931	-5.02543	-4.20661
										-8.30788	-5.11641	-4.07733
										-8.28394	-5.29597	-3.86664
										-8.11395	-5.15472	-3.64876
										-8.37731	-4.97276	-3.71101
										-7.95354	-5.18105	-3.70862
										-7.78355	-5.16429	-3.83791
										-7.74524	-4.80756	-3.94086
										-7.47709	-4.78840	-3.95043
										-7.34541	-4.85065	-3.85706
										-7.24485	-4.69742	-3.62482
										-7.29274	-4.64715	-3.56975
										-7.21134	-4.66630	-3.45483
										-7.40527	-4.62320	-3.55300
										-7.62314	-4.71658	-3.79720
										-7.66384	-4.83868	-3.91213
										-8.36055	-5.49948	-4.06057
										-8.46829	-5.45639	-4.01508
										-8.34619	-5.15950	-4.01268
										-7.97509	-4.90333	-4.02465
										-7.72848	-4.77164	-4.14915
										-7.45076	-4.87220	-4.26647
										-7.37175	-4.96557	-4.41012
										-7.01741	-4.82192	-4.35505
										-7.42442	-4.49631	-4.34308
										-7.54892	-4.57532	-4.24492
										-7.51061	-4.88657	-4.26886
										-7.46991	-4.81235	-4.45322
										-7.64947	-4.77643	-4.59447
										-7.75003	-4.91051	-4.52504
										-7.99663	-4.87938	-4.53701
										-8.12831	-4.88896	-4.59926
										-8.08761	-5.01825	-4.62560
										-8.21690	-5.03501	-4.64475
										-8.31985	-5.15950	-4.67588
										-16.12734	-10.63026	-8.98783
										-8.28633	-4.95360	-4.43167
										-8.33182	-5.04219	-4.46758
										-7.79791	-5.34386	-4.37421
										-7.76918	-4.82192	-4.30717
										-7.51540	-4.51786	-4.24253
										-7.78355	-5.11401	-4.10127
										-8.19056	-4.81235	-4.14436
										-8.06367	-4.84826	-4.07493
										-8.46111	-4.92008	-4.47237
										-8.04212	-5.19781	-4.45800
										-8.23605	-5.26246	-4.62560
										-8.22408	-5.10923	-4.45322
										-8.19296	-5.14035	-4.34308
										-8.07804	-5.26724	-4.23295
										-7.35259	-4.95839	-3.83791
										-7.47230	-4.37660	-3.77326
										-7.52498	-4.47955	-3.70144
										-7.58004	-5.07571	-3.78044
										-7.50822	-5.23612	-3.74932
										-8.07325	-5.00867	-4.02705
										-7.53934	-5.12838	-3.80439
										-8.26478	-4.92487	-3.99592
										-8.14268	-5.04937	-4.12760
										-7.50582	-5.07571	-4.27604
										-7.86495	-4.61363	-4.62081
										-7.53695	-4.28083	-4.58968
										-7.45554	-4.57293	-4.95839
										-7.15866	-4.71179	-4.98952
										-6.35900	-4.25689	-4.63996
										-6.87854	-3.89058	-4.63996
										-8.18817	-4.86981	-4.25689
										-8.64786	-5.14035	-4.44843
										-8.54730	-5.68144	-4.52983
										-8.49223	-5.88974	-4.65193
										-8.24324	-5.49230	-4.35026
										-8.22408	-4.92727	-4.27365
										-7.44836	-4.72855	-4.15873
										-7.09163	-4.65193	-4.18746
										-6.74207	-4.51786	-4.06775
										-6.63912	-4.27126	-3.89297
										-6.88572	-4.25928	-3.91452
										-6.91445	-4.56814	-3.74932
										-7.26401	-4.72376	-3.82593
										-7.44118	-4.72855	-3.99353
										-7.36935	-4.74291	-4.07972
										-7.72130	-4.69503	-4.28323
										-7.70933	-4.80037	-4.18985
										-7.89129	-5.02064	-4.32393
										-7.97030	-5.17866	-4.31675
										-8.19296	-5.16908	-4.19943
										-8.35816	-5.15950	-4.14436
										-8.28633	-5.27203	-4.18267
										-8.16183	-5.20499	-4.18985
										-8.07804	-5.02304	-4.14436
										-7.85538	-4.96079	-4.12042
										-7.98466	-5.13556	-4.26647
										-8.30788	-4.82910	-4.28562
										-8.31267	-5.01106	-4.35026
										-7.93438	-5.26724	-4.41251
										-8.18338	-4.85544	-4.56574
										-7.70215	-4.60884	-4.43646
										-7.60638	-4.47476	-4.50110
										-7.46991	-4.29280	-4.36224
										-7.15387	-4.25210	-4.29280
										-7.23288	-4.32872	-4.33351
										-7.38851	-4.52504	-4.28802
										-7.23528	-4.59208	-4.22577
										-7.35978	-4.35984	-4.15633
										-7.51540	-4.31675	-4.19943
										-7.59441	-4.56574	-4.24253
										-7.94636	-4.67588	-4.43646
										-7.72609	-4.72376	-4.54180
										-8.04691	-4.58011	-4.66630
										-8.30549	-4.60644	-4.60166
										-8.38449	-4.91051	-4.57053
										-8.40365	-5.00388	-4.52983
										-8.15705	-4.72137	-4.49152
										-7.90565	-4.35984	-4.47955
										-7.98466	-4.32872	-4.56335
										-7.44836	-4.50828	-4.21858
										-8.05649	-4.38139	-4.39097
										-7.91284	-4.12760	-4.47237
										-7.41484	-4.20422	-4.55377
										-6.78756	-4.11563	-4.35026
										-7.14190	-3.75171	-4.20661
										-7.70694	-3.76129	-4.13957
										-7.77397	-4.32872	-4.30717
										-7.95354	-4.71658	-4.28802
										-8.29591	-4.59687	-4.44124
										-8.07085	-4.27604	-4.29041
										-8.07085	-4.22098	-4.26886
										-8.21211	-4.59926	-4.18267
										-8.05888	-4.95839	-4.08451
										-8.18099	-4.85544	-4.15633
										-7.93438	-4.49631	-3.99353
										-8.07804	-4.32632	-4.13479
										-7.86256	-4.44843	-4.12521
										-15.04037	-8.75799	-8.28394
										-7.44597	-4.12521	-4.14197
										-7.21134	-4.06535	-4.08451
										-7.23049	-3.96480	-3.96959
										-7.53455	-3.99353	-3.95522
										-7.75961	-4.36224	-3.84748
										-8.09480	-4.57053	-3.81157
										-8.46590	-4.63757	-3.93846
										-8.71011	-5.20978	-4.03902
										-8.83700	-5.01106	-4.11324
										-8.12113	-4.93924	-3.82354
										-8.13550	-4.65912	-3.91452
										-7.82425	-4.66391	-3.80439
										-7.73806	-4.64236	-3.81396
										-7.55849	-4.54419	-3.72298
										-7.38372	-4.55617	-3.73735
										-7.55131	-4.58968	-3.66313
										-14.75307	-8.78193	-6.80432
										-7.43160	-4.14676	-3.65355
										-7.32626	-4.20422	-3.76608
										-7.17063	-4.39815	-3.79720
										-7.40287	-4.30717	-3.78284
										-7.47470	-4.30477	-3.67989
										-7.56807	-4.44364	-3.55300
										-8.04452	-4.54898	-3.57694
										-7.81707	-4.78840	-3.53624
										-8.31506	-4.79798	-3.83072
										-8.42998	-4.90572	-3.87861
										-8.37252	-4.99909	-3.95762
										-8.46829	-4.95121	-3.96001
										-8.20253	-5.01346	-3.95043
										-8.52575	-5.02304	-4.03662
										-8.40844	-4.98473	-3.96480
										-7.84101	-4.73813	-3.84988
										-8.24563	-4.63757	-3.93367
										-8.37971	-4.68785	-3.92649
										-7.87692	-4.87699	-3.87861
										-8.02776	-4.73813	-4.00311
										-7.77637	-4.75967	-3.82833
										-7.73806	-4.73334	-3.61764
										-8.10916	-4.42927	-3.64158
										-7.67102	-4.56335	-3.48356
										-8.08761	-4.48673	-3.62003
										-8.25760	-4.41970	-3.70144
										-8.01100	-4.63517	-3.64398
										-8.81306	-4.61363	-3.92649
										-8.45153	-4.87459	-3.74932
										-8.70532	-5.01825	-3.90494
										-8.89446	-4.85544	-3.88340
										-7.91284	-4.75728	-3.55060
										-8.23605	-4.38378	-3.65834
										-7.87453	-4.46758	-3.42371
										-7.25922	-4.67109	-3.08613
										-7.73567	-4.33351	-3.23457
										-6.96952	-4.30717	-2.87783
										-6.91924	-4.20901	-2.80361
										-7.21852	-3.83551	-2.71263
										-7.31189	-3.86185	-2.59771
										-8.70053	-5.20499	-3.11246
										-8.17620	-4.79080	-3.13640
										-7.49146	-4.51068	-2.96881
										-7.36935	-4.37421	-3.07176
										-6.47392	-4.18506	-2.72460
										-6.95994	-3.86664	-2.85868
										-7.19218	-3.89058	-2.82276
										-7.25204	-4.18028	-2.72939
										-8.14029	-4.32872	-3.13401
										-7.96072	-4.67109	-3.28006
										-8.43477	-5.08768	-3.67510
										-8.79151	-5.12120	-3.74214
										-9.08839	-5.18584	-3.88818
										-9.10275	-5.22415	-3.86185
										-8.99741	-5.18345	-3.83791
										-9.01417	-5.22654	-3.75171
										-8.62870	-5.29358	-3.75650
										-8.05170	-5.01346	-3.52187
										-7.93678	-4.45800	-3.34949
										-7.35738	-4.14436	-3.04542
										-7.52498	-4.18506	-3.14119
										-7.54652	-4.64236	-3.05021
										-7.46033	-4.82671	-2.99515
										-7.66863	-4.46997	-3.00712
										-7.97269	-4.30238	-3.02388
										-8.66701	-5.03979	-3.18908
										-9.01417	-4.97994	-3.48356
										-16.57745	-10.23282	-6.66067
										-8.13789	-4.95360	-3.38780
										-8.17141	-4.67588	-3.42371
										-7.80270	-4.69024	-3.33033
										-7.48427	-4.55617	-3.17232
										-7.65426	-4.27844	-3.18668
										-7.20894	-4.27365	-2.94726
										-7.67102	-4.29280	-3.06697
										-7.50343	-4.40533	-2.89938
										-7.88411	-4.47237	-2.95205
										-8.36295	-4.69982	-3.11007
										-8.14747	-5.10204	-3.04782
										-8.92080	-5.08289	-3.36385
										-8.88967	-5.08768	-3.24175
										-9.04529	-5.20260	-3.44526
										-9.34696	-5.31513	-3.47638
										-8.91122	-5.45639	-3.33991
										-9.21049	-5.35104	-3.60567
										-8.60476	-5.30795	-3.39019
										-7.96072	-4.97755	-3.20105
										-8.04212	-4.31196	-3.05979
										-7.28795	-4.11803	-2.80600
										-7.40527	-4.21619	-2.96402
										-8.63349	-4.89135	-3.13401
										-8.66462	-5.16908	-3.06458
										-8.77236	-5.18824	-3.12683
										-9.02135	-5.14035	-3.20584
										-8.81545	-5.09965	-3.06458
										-9.11712	-4.99909	-3.27527
										-8.67180	-5.16908	-3.20344
										-8.53294	-5.20260	-3.29921
										-8.05649	-4.87938	-3.11246
										-7.62314	-4.42688	-3.00472
										-7.59441	-4.01986	-2.88501
										-7.52976	-3.94564	-2.92571
										-7.16106	-4.18506	-2.95444
										-7.50343	-4.33351	-3.36146
										-7.26880	-4.55138	-3.20823
										-7.63990	-4.36463	-3.27048
										-7.58244	-4.13957	-2.98796
										-7.64708	-4.19464	-3.09331
										-7.77397	-4.38618	-3.22978
										-7.88411	-4.39575	-3.48356
										-7.98706	-4.27844	-3.63679
										-8.45153	-4.18985	-3.84269
										-8.31506	-4.29520	-3.80918
										-8.82982	-4.49392	-4.04859
										-8.88488	-4.97036	-4.08451
										-7.09641	-3.70383	-3.84509
										-7.12036	-3.68946	-3.83551
										-7.62553	-3.80199	-3.85466
										-7.69975	-4.10127	-3.64158
										-7.99185	-4.17070	-3.50990
										-8.22408	-4.19943	-3.41653
										-8.42998	-4.46279	-3.36625
										-9.08360	-4.79559	-3.56497
										-8.98783	-5.18824	-3.52905
										-9.18895	-5.28400	-3.70622
										-9.02614	-5.10204	-3.56018
										-8.59040	-4.75728	-3.39019
										-8.03494	-4.43646	-3.23935
										-7.79073	-4.21380	-3.17950
										-7.32147	-4.17070	-2.92571
										-7.76918	-4.09169	-3.04542
										-7.60159	-4.34069	-2.89698
										-7.96072	-4.43167	-2.94247
										-8.40365	-4.49631	-3.00472
										-8.09958	-4.62320	-2.81558
										-8.87770	-4.64236	-3.14359
										-8.58800	-4.91290	-3.07176
										-9.00459	-5.01825	-3.45004
										-9.04051	-4.93924	-3.43089
										-8.99502	-4.83629	-3.42850
										-8.14747	-4.25450	-3.18908
										-8.04691	-4.05099	-3.21781
										-7.50822	-4.35026	-2.89220
										-8.10198	-4.37181	-2.99515
										-7.93199	-4.39575	-2.64799
										-8.04691	-4.42209	-2.64799
										-8.37252	-4.44124	-2.74854
										-8.16183	-4.54659	-2.69587
										-8.58561	-4.58011	-2.91374
										-8.41801	-4.72376	-2.93290
										-8.35337	-4.65193	-2.86347
										-8.72208	-4.45082	-2.87783
										-8.50899	-4.54659	-2.77727
										-8.91122	-4.69982	-2.95923
										-8.69095	-4.78362	-2.92571
										-8.75799	-4.72855	-2.94966
										-8.59758	-4.71897	-2.84431
										-8.37492	-4.58729	-2.74376
										-8.26239	-4.42927	-2.77727
										-8.16183	-4.36224	-2.87544
										-7.77397	-4.36702	-2.80361
										-8.04931	-4.09648	-2.87304
										-7.65666	-3.98874	-2.65517
										-7.89368	-3.80439	-2.72460
										-8.01100	-3.88340	-2.70545
										-8.73644	-4.42927	-2.91614
										-8.72208	-4.31914	-2.93769
										-8.57842	-4.36702	-2.80122
										-8.37731	-4.11803	-2.90177
										-8.05888	-3.85466	-2.81079
										-8.09719	-3.87861	-2.81558
										-8.12113	-4.03184	-2.52828
										-8.54251	-4.02226	-2.57377
										-8.47308	-4.22577	-2.61207
										-8.84658	-4.24731	-2.73178
										-9.11951	-4.16591	-2.87065
										-9.05487	-4.27844	-3.02867
										-9.11951	-4.41251	-3.19865
										-8.82263	-4.42688	-3.13162
										-8.90164	-4.49392	-3.22260
										-8.59758	-4.61841	-3.02388
										-8.74602	-4.44124	-2.99993
										-8.47787	-4.20422	-2.73418
										-8.16423	-3.95522	-2.68869
										-8.31746	-3.90973	-2.82995
										-8.09958	-4.25928	-2.88980
										-8.29830	-4.43167	-2.94247
										-8.34619	-4.19225	-2.82995
										-8.74602	-4.14197	-3.04303
										-8.54969	-4.42688	-3.06218
										-8.52575	-4.70939	-3.13401
										-8.95671	-4.62799	-3.42610
										-17.03714	-9.01656	-6.51223
										-8.49702	-4.33351	-3.37104
										-8.22648	-4.35026	-3.22020
										-8.07085	-4.37660	-3.27766
										-7.97987	-4.23774	-3.26569
										-7.84819	-3.97677	-3.24414
										-7.84580	-4.00071	-3.20105
										-7.94875	-4.09648	-3.07894
										-8.29112	-4.18506	-3.20344
										-8.08761	-4.47237	-3.22020
										-8.26000	-4.43406	-3.28963
										-8.26957	-4.33111	-3.28963
										-8.14268	-4.31435	-3.33273
										-8.15465	-4.18506	-3.25372
										-8.01579	-4.19225	-3.27527
										-8.07085	-4.36942	-3.33512
										-8.31267	-4.31675	-3.32315
										-8.45632	-4.33111	-3.35188
										-8.35816	-4.44843	-3.32315
										-8.56406	-4.51546	-3.44047
										-8.74602	-4.64236	-3.45962
										-8.48026	-4.63278	-3.30160
										-8.72686	-4.38857	-3.43568
										-8.89207	-4.82432	-3.24175
										-8.38928	-4.66391	-3.14598
										-8.43956	-4.59447	-3.25611
										-8.18338	-4.51786	-3.11964
										-8.14268	-4.59926	-3.09091
										-8.03973	-4.60644	-2.99515
										-8.08282	-4.46040	-2.99036
										-7.97030	-4.52504	-2.94008
										-7.86016	-4.46040	-2.94966
										-7.70933	-4.25928	-3.08613
										-7.47949	-4.07014	-3.15077
										-7.67102	-3.96001	-3.19865
										-7.67102	-4.03662	-3.13880
										-7.97269	-4.21858	-3.16992
										-8.48266	-4.49392	-3.25133
										-8.42759	-4.76207	-3.14838
										-8.71250	-4.65193	-3.32315
										-8.38449	-4.56095	-3.35428
										-8.45871	-4.48913	-3.50032
										-8.39407	-4.48434	-3.39737
										-8.32464	-4.63757	-3.45723
										-8.43477	-4.44603	-3.47399
										-8.30549	-4.33111	-3.43089
										-8.35337	-4.47955	-3.43329
										-8.33661	-4.59687	-3.44047
										-7.89368	-4.29999	-3.25133
										-8.18578	-4.41970	-3.29203
										-8.19775	-4.55138	-3.29442
										-8.46111	-4.61123	-3.42131
										-8.29351	-4.75249	-3.38780
										-8.69574	-4.75010	-3.51708
										-8.20732	-4.83150	-3.30400
										-8.36534	-4.77164	-3.36146
										-8.33661	-4.80277	-3.21302
										-8.37252	-4.84108	-3.21062
										-8.36295	-4.90093	-3.27766
										-7.91044	-4.87699	-3.21541
										-8.00621	-4.54180	-3.13880
										-7.72609	-4.27604	-3.00712
										-7.60398	-4.33111	-3.06218
										-7.59441	-4.60644	-2.98078
										-8.02058	-4.82192	-2.94966
										-7.91762	-4.96557	-2.62883
										-8.20253	-4.94403	-2.61447
										-8.09240	-4.74291	-2.66235
										-7.82186	-4.60405	-2.78685
										-7.70215	-4.51546	-3.02388
										-7.52976	-4.58250	-3.06218
										-7.65905	-4.68785	-3.04782
										-7.87692	-4.67109	-2.97120
										-8.83221	-4.59687	-3.73974
										-8.65983	-4.87459	-3.59130
										-8.89446	-5.03261	-3.62243
										-8.54730	-4.95600	-3.49075
										-8.78433	-4.85065	-3.61764
										-8.47069	-4.95360	-3.49075
										-8.49223	-4.79080	-3.55778
										-8.04691	-4.56335	-3.34949
										-8.01818	-4.39097	-3.43329
										-8.01579	-4.49870	-3.38061
										-7.93678	-4.62081	-3.31358
										-8.02297	-4.60405	-3.17232
										-8.03255	-4.61123	-2.97360
										-8.44914	-4.59926	-2.90177
										-8.53533	-4.61841	-2.91614
										-8.66701	-4.85784	-3.28484
										-8.48505	-5.08528	-3.45004
										-8.87291	-4.99909	-3.62003
										-8.52575	-5.03022	-3.24414
										-8.59758	-4.82910	-3.16274
										-8.53054	-4.74291	-3.11246
										-8.21690	-4.73573	-3.17471
										-8.30309	-4.49870	-3.19387
										-8.04452	-4.31914	-3.26090
										-8.39168	-4.47716	-3.41892
										-7.36935	-4.06775	-2.78206
										-7.60159	-4.09408	-2.85149
										-7.74524	-4.15155	-2.75573
										-7.67102	-4.16591	-2.77249
										-7.87453	-4.11803	-2.87304
										-7.87453	-4.06057	-3.00951
										-7.95114	-4.05817	-3.14359
										-7.96790	-4.00071	-3.11486
										-8.46350	-4.13718	-3.30400
										-8.28873	-4.41012	-3.13401
										-8.98544	-4.43646	-3.33512
										-8.63110	-4.65672	-3.22738
										-9.00220	-4.74770	-3.37104
										-8.89925	-4.66151	-3.19865
										-8.67419	-4.60405	-3.36625
										-8.54491	-4.53462	-3.42610
										-8.23127	-4.41012	-3.38780
										-8.14268	-4.30477	-3.35667
										-7.87692	-4.19225	-3.13401
										-8.11634	-4.17070	-3.17711
										-7.86974	-4.24492	-3.05261
										-8.15944	-4.17549	-3.16274
										-7.92720	-4.23295	-3.07176
										-8.40844	-4.30956	-3.28006
										-8.54730	-4.55377	-3.21302
										-8.24802	-4.75010	-3.06937
										-8.06367	-4.59926	-3.05021
										-7.41724	-4.41730	-2.83234
										-7.61356	-4.11084	-2.94487
										-7.40048	-4.14915	-2.87065
										-7.64229	-4.28083	-2.97360
										-7.93199	-4.38139	-3.02627
										-7.95114	-4.52265	-3.05740
										-8.33182	-4.72137	-3.18429
										-2.30083	5.51624	0.00000
										-8.55927	-5.05416	-3.13880
										-8.55448	-5.14514	-3.04542
										-8.79869	-5.00149	-3.17950
										-8.44196	-4.96318	-3.14119
										-8.66701	-4.86502	-3.45244
										-8.32464	-5.02064	-3.44286
										-8.08282	-4.76207	-3.44047
										-8.05888	-4.29280	-3.32555
										-7.74524	-4.23295	-3.24175
										-7.94157	-4.41730	-3.28724
										-8.05409	-4.52025	-3.29442
										-8.01100	-4.67827	-3.33033
										-8.03255	-4.53941	-3.26330
										-8.23605	-4.41491	-3.31118
										-7.81946	-4.54898	-3.19626
										-8.73884	-4.68306	-3.29442
										-8.76757	-4.86981	-3.30400
										-8.78911	-4.86981	-3.28724
										-8.97347	-4.85784	-3.40934
										-8.50899	-4.86981	-3.33512
										-8.45632	-4.55617	-3.38061
										-7.93917	-4.54659	-3.34231
										-7.84340	-4.49152	-3.26569
										-7.83143	-4.11563	-3.02148
										-7.54652	-3.96480	-2.82276
										-7.67821	-4.13957	-2.89938
										-7.73806	-4.35266	-2.91135
										-7.88889	-4.44843	-2.90417
										-7.69257	-4.33111	-2.82755
										-8.27915	-4.26168	-3.05021
										-8.00382	-4.56335	-2.90896
										-8.59040	-4.64475	-3.12683
										-8.56167	-4.80037	-3.20344
										-8.69095	-4.90811	-3.44765
										-8.72686	-4.80277	-3.49553
										-8.29830	-4.69024	-3.55539
										-8.47308	-4.66630	-3.69904
										-8.06607	-4.64475	-3.52426
										-8.02297	-4.50110	-3.42371
										-7.96072	-4.36224	-3.31118
										-8.57842	-5.08528	-3.61046
										-8.56645	-5.13077	-3.54821
										-8.50420	-5.06134	-3.55060
										-8.31506	-4.91290	-3.41174
										-8.10437	-4.49631	-3.41413
										-7.70454	-4.43167	-3.56497
										-7.38851	-4.40294	-3.64876
										-7.59920	-4.12042	-3.66073
										-7.15387	-4.01029	-3.45004
										-7.50103	-4.04859	-3.51229
										-8.79390	-5.02543	-3.43329
										-8.81545	-5.26724	-3.42850
										-8.86333	-5.35822	-3.47638
										-8.70053	-5.12599	-3.33033
										-8.48744	-4.72376	-3.18189
										-7.97509	-4.55138	-3.15316
										-7.96790	-4.39575	-3.25611
										-8.00861	-4.56095	-3.37343
										-7.69496	-4.81474	-3.28724
										-7.91523	-4.66151	-3.00951
										-2.30083	5.51624	0.00000
										-8.17859	-4.58968	-2.58574
										-8.03973	-4.46758	-2.76530
										-8.40844	-4.43646	-3.37582
										-8.29830	-4.73813	-3.60567
>	15:12:55	51.425531	17.683429	150.60	17	32	35	0.00	11.00	58.20	-7.57525	-4.18985	-2.36787
										-8.17380	-4.24731	-2.59531
										-8.09240	-4.52983	-2.73178
										-8.42759	-4.78122	-2.91374
										-8.32943	-4.69503	-2.82995
										-8.56885	-4.65672	-3.01909
										-8.57603	-4.88178	-2.93529
										-8.87291	-4.84586	-2.98078
										-8.59518	-4.90093	-2.98796
										-8.65025	-4.84108	-3.10049
										-8.74123	-4.71179	-2.93769
										-8.56645	-4.76686	-2.88022
										-8.61913	-4.92248	-2.92093
										-8.27676	-4.76925	-2.87544
										-8.35098	-4.46040	-2.87544
										-8.12113	-4.37899	-2.84671
										-8.01579	-4.34548	-2.99993
										-7.85298	-4.22337	-3.04303
										-7.48427	-3.97916	-2.88501
										-7.92241	-3.88818	-2.85389
										-7.55849	-3.73495	-2.59771
										-8.22169	-4.04620	-2.88741
										-8.23605	-4.59447	-2.88741
										-8.36534	-4.40054	-2.56419
										-9.36612	-4.11803	-2.64080
										-9.24880	-5.01106	-2.86347
>	15:12:57	51.425531	17.683429	146.90	18	35	41	0.00	11.00	58.20	-7.97987	-4.48673	-2.63362
										-7.78355	-4.30956	-2.61686
										-8.04212	-4.23774	-2.65278
										-8.13071	-4.29999	-2.67911
										-8.21929	-4.40054	-2.65278
										-8.46350	-4.63757	-2.85628
										-8.12592	-4.77883	-2.73657
										-8.30788	-4.35026	-2.67432
										-7.95354	-4.11324	-2.68390
										-8.14029	-4.27365	-2.97120
										-8.20493	-4.25210	-2.98557
										-8.23605	-4.27604	-3.11486
										-8.33661	-4.39097	-3.01909
										-8.58800	-4.41491	-2.79882
										-8.60955	-4.62081	-2.73418
										-8.84658	-4.88178	-2.88980
										-8.86573	-4.92966	-2.87544
										-8.94953	-4.80277	-2.94487
										-8.99023	-4.86741	-3.03585
										-8.95671	-4.99430	-3.14598
										-8.74362	-4.86502	-3.11964
										-8.34140	-4.45322	-3.13880
										-8.48744	-4.23774	-3.27766
										-8.10677	-4.35505	-3.15556
										-8.28154	-4.18028	-3.22260
										-8.25521	-4.22577	-3.29921
										-7.69257	-4.01508	-3.11964
										-7.80510	-3.98635	-3.04064
										-8.02058	-4.18746	-3.02627
										-8.03494	-4.29999	-2.99275
										-8.31506	-4.20422	-3.01669
										-8.21690	-4.26168	-2.98796
										-8.59518	-4.39097	-3.04303
										-8.56885	-4.47955	-2.97120
										-8.87052	-4.56814	-3.09091
										-8.99262	-4.63039	-3.00712
										-8.99023	-4.57771	-3.05500
										-9.07402	-4.52265	-3.08613
										-8.80109	-4.57771	-3.09091
										-9.07881	-4.58250	-3.16513
										-8.61913	-4.48673	-3.03106
										-8.46111	-4.30238	-3.04064
										-8.25042	-4.19464	-2.92332
										-7.94396	-4.12042	-2.83713
										-8.04212	-4.06296	-2.79403
										-7.76918	-3.97198	-2.74136
										-7.78355	-3.91452	-2.81798
										-7.72848	-3.88579	-2.86586
										-7.91523	-3.79720	-2.83473
										-7.95114	-3.76847	-2.79403
										-8.24802	-3.92649	-2.87544
>	15:12:59	51.424728	17.682668	141.80	19	38	42	0.00	11.10	58.30	-8.90882	-4.52983	-2.84192
										-8.89207	-4.59447	-2.94726
										-8.57603	-4.40533	-2.71981
										-8.26957	-4.02465	-2.59053
										-8.20253	-3.90973	-2.59292
										-8.05170	-4.03662	-2.60250
										-8.15465	-4.11803	-2.76051
										-7.97269	-4.12042	-2.97360
										-8.11395	-4.13718	-3.13640
										-8.33422	-4.15633	-3.02148
										-8.39886	-4.06296	-2.85389
										-8.57124	-4.09648	-2.87783
										-8.36773	-4.43406	-2.93769
										-8.58800	-4.59208	-2.91853
										-8.45153	-4.37660	-2.71024
										-8.65265	-4.27844	-2.64080
										-8.86333	-4.52744	-2.65756
										-8.65504	-4.69024	-2.78446
										-8.66940	-4.60644	-2.94487
										-8.48984	-4.43646	-2.96163
										-8.40365	-4.28562	-2.91853
										-8.16183	-4.19464	-2.91853
										-8.05409	-4.11803	-2.91614
										-8.02297	-4.14197	-2.88980
										-7.99185	-4.20422	-2.87304
										-8.12113	-4.15155	-2.75333
										-8.73405	-4.38378	-3.33991
										-8.44196	-4.45561	-3.38540
										-8.65025	-4.31196	-3.44047
										-8.35337	-4.38139	-3.39498
										-8.37013	-4.45561	-3.35907
										-8.64546	-4.44843	-3.18429
										-8.20972	-4.44603	-3.07655
										-8.25521	-4.28323	-3.09810
										-7.99663	-4.21140	-3.04064
										-8.04691	-4.33351	-2.99993
										-8.13789	-4.33590	-2.94726
										-8.00621	-4.21619	-2.91374
										-8.25760	-4.26886	-2.96642
										-8.17859	-4.29520	-2.96163
										-8.36534	-4.36463	-3.05021
										-8.38689	-4.45800	-3.18908
										-8.46590	-4.47716	-3.23457
										-8.53294	-4.45800	-3.32315
										-8.45393	-4.46040	-3.38780
										-8.26000	-4.46040	-3.34709
										-8.07325	-4.29999	-3.40455
										-8.05649	-4.10366	-3.31597
										-7.92002	-4.01747	-3.23217
										-7.82665	-3.99832	-3.20823
										-7.95354	-4.06535	-3.21302
										-8.40604	-4.45322	-2.92811
										-8.35816	-4.44364	-2.99993
										-8.21211	-4.52504	-3.00472
										-8.04931	-4.38857	-3.04064
										-8.04931	-4.14915	-3.05261
										-8.23127	-4.16591	-3.10767
										-8.19535	-4.26168	-3.12443
										-8.22169	-4.22098	-3.19865
										-8.26478	-4.22098	-3.23457
										-8.64067	-4.41012	-3.26330
										-8.65743	-4.59687	-3.24175
										-8.63110	-4.53462	-3.30879
										-8.63828	-4.49631	-3.22978
										-8.49702	-4.53941	-3.04542
										-8.77954	-4.63039	-3.01909
										-8.65504	-4.77643	-3.08134
										-8.80109	-4.61363	-3.13401
										-8.68138	-4.28562	-3.15316
										-8.50660	-4.33111	-3.28724
										-8.74841	-4.63278	-3.26569
										-8.71250	-4.82192	-3.07655
										-8.70532	-4.75488	-2.99275
										-8.64307	-4.64236	-2.91135
										-8.42280	-4.65912	-2.75812
										-8.50660	-4.63517	-2.71263
										-8.31027	-4.43885	-2.77249
										-8.34379	-4.50349	-2.85389
										-8.56406	-4.69264	-2.90177
										-8.59279	-4.77883	-2.94487
										-8.49702	-4.78122	-3.01669
										-8.62631	-4.76207	-3.07655
										-8.52815	-4.82432	-2.96881
										-8.58082	-4.94642	-2.96163
										-8.48505	-4.90811	-2.89698
										-8.30549	-4.71418	-2.79164
										-8.46590	-4.69264	-2.86347
										-8.57124	-4.94403	-2.88741
										-8.61673	-5.06374	-2.88741
										-8.28154	-4.83150	-2.84671
										-8.44674	-4.77883	-2.99754
										-8.32943	-5.03261	-2.99036
										-8.06128	-4.98233	-2.84431
										-8.09001	-4.66630	-2.76291
										-7.82186	-4.48434	-2.64320
										-7.87692	-4.52265	-2.63123
										-7.92720	-4.76446	-2.66475
										-7.90326	-4.85544	-2.67911
										-8.07564	-4.63996	-2.70545
										-7.89129	-4.43646	-2.81319
										-7.88171	-4.40054	-2.92811
										-8.55448	-4.90572	-3.29203
										-8.61434	-5.02064	-3.22738
										-8.47787	-4.96079	-3.22020
										-8.20732	-4.77883	-3.16274
										-8.00382	-4.56095	-3.01909
										-8.03973	-4.49392	-2.85389
										-7.90805	-4.47955	-2.75812
										-8.05409	-4.45322	-2.84192
										-8.08761	-4.52744	-2.82755
										-8.28633	-4.60405	-2.74854
										-8.65025	-4.72855	-2.76530
										-8.63589	-4.98233	-2.75094
										-8.90882	-5.05177	-2.77488
										-8.95192	-5.03740	-2.74615
										-8.90404	-5.11880	-2.83234
										-8.75799	-5.06374	-2.90177
										-8.49463	-4.92487	-2.97839
										-8.29591	-4.90572	-2.97599
										-7.86016	-4.75967	-2.94008
										-7.79313	-4.40054	-2.87544
										-7.72369	-4.13239	-2.87304
										-7.61117	-4.16591	-2.95444
										-7.84580	-4.36702	-3.14359
										-7.89368	-4.46519	-3.16513
										-7.85059	-4.31435	-3.15556
										-8.50660	-4.54659	-3.04303
										-8.37492	-4.80995	-3.03106
										-8.29112	-4.95600	-3.11725
										-8.19535	-4.78601	-3.09091
										-8.01100	-4.62560	-2.95923
										-8.06128	-4.50589	-2.87783
										-8.00142	-4.60644	-2.96163
										-7.87932	-4.69742	-3.13162
										-7.87932	-4.42688	-3.19865
										-8.01100	-4.17788	-3.21302
										-7.86974	-4.34069	-3.25851
										-8.15944	-4.50349	-3.32794
										-8.26957	-4.62560	-3.28245
										-8.31746	-4.75010	-3.24893
										-8.79151	-4.67827	-3.20823
										-8.76517	-4.82432	-3.17711
										-8.91601	-5.11641	-3.27766
										-8.82982	-5.24809	-3.14359
										-8.84179	-5.20021	-3.07894
										-9.07402	-5.24330	-3.06697
										-8.85855	-5.32949	-3.04782
										-8.80827	-5.17148	-3.13880
										-8.56167	-4.86262	-3.16753
										-8.02776	-4.64954	-3.27048
										-7.76200	-4.39336	-3.19147
										-8.02776	-4.53701	-3.25851
										-7.96311	-4.40294	-3.30400
										-8.05649	-4.46997	-3.22978
										-8.20014	-4.63757	-3.12922
										-8.14029	-4.78840	-2.98078
										-8.28633	-4.68306	-2.85628
										-8.23127	-4.58490	-2.75094
										-8.36055	-4.70700	-2.83473
										-8.47547	-4.83150	-2.95923
										-8.39647	-4.86741	-3.10528
										-8.33182	-4.72376	-3.20823
										-8.15226	-4.46519	-3.19147
										-8.03734	-4.42927	-3.34231
										-7.99185	-4.56335	-3.33033
										-7.97509	-4.47237	-3.25372
										-7.92241	-4.25450	-3.14838
										-8.03494	-4.17788	-3.24175
										-8.01579	-4.46758	-3.28006
										-8.20732	-4.56574	-3.31597
										-8.26000	-4.47955	-3.33512
										-8.23366	-4.47476	-3.26569
										-8.45153	-4.60166	-3.31118
										-8.24563	-4.74531	-3.25611
										-8.24802	-4.54419	-3.27287
										-16.46732	-8.90164	-6.57448
										-8.32464	-4.75488	-3.04064
										-8.54012	-4.67588	-3.11246
										-8.50420	-4.73094	-3.04064
										-8.60715	-4.81235	-3.03585
										-8.70771	-4.79319	-3.17232
										-8.60955	-4.92966	-3.31358
										-8.46829	-4.89614	-3.44286
										-8.37013	-4.57053	-3.51229
										-8.21929	-4.36224	-3.52666
										-8.07804	-4.36702	-3.56018
										-7.94396	-4.31675	-3.42850
										-7.85777	-4.16352	-3.32076
										-7.84580	-4.21619	-3.28963
										-8.06367	-4.43167	-3.18908
										-8.25760	-4.59687	-3.12204
										-8.31746	-4.60884	-3.05979
										-8.40844	-4.49631	-3.02867
										-8.33182	-4.55856	-3.05021
										-8.55448	-4.74052	-3.16753
										-8.65504	-4.95600	-3.25611
										-8.71968	-4.97755	-3.24175
										-8.74841	-4.73573	-3.27527
										-8.56645	-4.65433	-3.30400
										-8.57364	-4.73094	-3.39737
										-8.54251	-4.64475	-3.47159
										-8.11874	-4.46997	-3.20584
										-7.95833	-4.24971	-2.98318
										-7.88411	-4.31914	-2.95205
										-8.02536	-4.57532	-3.16753
										-7.83383	-4.53462	-3.20584
										-7.89847	-4.18985	-3.26330
										-7.84101	-4.18028	-3.10049
										-7.86495	-4.51546	-3.03345
										-7.93678	-4.63996	-2.83713
										-8.08761	-4.49152	-2.81798
										-8.17380	-4.52265	-2.86825
										-8.11156	-4.51307	-2.89938
										-8.05649	-4.34548	-3.06697
										-8.23845	-4.49631	-3.22738
										-8.38210	-4.77883	-3.22499
										-8.37731	-4.64475	-3.02388
										-8.61913	-4.47237	-2.94726
										-8.93516	-4.83389	-2.94487
										-9.06445	-5.06613	-2.95684
										-9.02614	-4.92487	-2.96881
										-8.81545	-4.82192	-2.95205
										-8.86094	-4.84826	-2.95923
										-8.70292	-5.05416	-2.90417
										-8.69574	-5.05655	-2.94487
										-8.40604	-4.70700	-2.86825
										-7.86495	-4.50828	-2.87544
										-7.81228	-4.48195	-2.89938
										-7.93678	-4.30238	-2.99754
										-7.92241	-4.46758	-3.00712
										-7.96551	-4.48913	-2.80122
										-8.10916	-4.29759	-2.80361
										-8.04452	-4.55377	-2.86107
										-8.31506	-4.72137	-2.88980
										-8.35576	-4.52504	-2.92571
										-8.32464	-4.47476	-3.02388
										-8.56406	-4.62799	-3.11246
										-8.53294	-4.76686	-3.10528
										-8.69095	-4.84347	-3.20344
										-8.71729	-4.76207	-3.22260
										-8.79630	-4.69503	-3.23457
										-8.95671	-4.74052	-3.25372
										-8.78193	-4.88417	-3.28006
										-8.80827	-5.00388	-3.43807
										-8.77236	-5.00388	-3.45004
										-8.31985	-4.69742	-3.31836
										-8.31985	-4.36224	-3.26809
										-7.89608	-4.38618	-2.96881
										-7.96072	-4.50349	-2.91614
										-8.00621	-4.54180	-2.89459
										-7.93678	-4.69503	-3.01909
										-8.26718	-4.64236	-3.44765
										-8.24563	-4.60166	-3.43329
										-8.01100	-4.61363	-3.36385
										-7.93917	-4.46997	-3.24654
										-8.10198	-4.48195	-3.32555
										-7.78355	-4.66391	-3.28245
										-7.82186	-4.42209	-3.25133
										-7.97269	-4.25689	-3.36385
										-7.67581	-4.44843	-3.29203
										-7.99903	-4.49870	-3.29921
										-16.04115	-9.22725	-6.48829
										-8.20493	-4.79319	-3.32555
										-8.38689	-4.73813	-3.30639
										-8.35816	-4.73094	-3.36625
										-8.37971	-4.86023	-3.47159
										-8.26718	-4.77164	-3.43329
										-8.20493	-4.68545	-3.46202
										-8.18578	-4.76686	-3.54102
										-7.82665	-4.70700	-3.33991
										-7.82665	-4.43406	-3.24654
										-7.72848	-4.40294	-3.21302
										-7.48427	-4.49152	-3.12204
										-7.48667	-4.29520	-3.14838
										-7.36217	-4.24253	-3.13162
										-7.62074	-4.33590	-3.18189
										-8.60476	-4.85544	-3.48596
										-8.43477	-4.88896	-3.47638
										-8.30070	-4.72855	-3.36385
										-8.17380	-4.67109	-3.24893
										-8.21929	-4.80995	-3.16753
										-8.23127	-4.91290	-2.97120
										-8.49702	-5.04698	-3.03345
										-8.31506	-5.04219	-2.95684
										-8.20253	-4.75967	-2.95444
										-8.33661	-4.70221	-3.33512
										-7.97269	-4.93445	-3.42131
										-7.93199	-4.82192	-3.41892
										-7.95114	-4.49631	-3.30639
										-7.78355	-4.40533	-3.08852
										-7.77637	-4.45561	-3.05261
										-7.77876	-4.64715	-3.08852
										-7.78355	-4.77164	-3.15077
										-7.77876	-4.52265	-3.22738
										-7.66863	-4.27126	-3.20344
										-7.75961	-4.34787	-3.30879
										-7.69496	-4.59687	-3.26330
										-7.75243	-4.57293	-3.21781
										-7.89368	-4.37660	-3.26330
										-7.97509	-4.40054	-3.25611
										-8.20493	-4.51068	-3.31118
										-8.59040	-4.91051	-3.13162
										-8.44914	-4.99430	-3.19865
										-8.42759	-4.90333	-3.15556
										-8.46350	-4.64954	-3.03585
										-8.32464	-4.70221	-3.15556
										-8.07564	-4.73334	-3.20344
										-7.75003	-4.40773	-3.21781
										-7.76918	-4.19704	-3.22978
										-7.87692	-4.17549	-3.05261
										-7.95354	-4.17549	-3.05021
										-7.98945	-4.09648	-3.12922
										-8.04212	-4.01986	-3.17232
										-8.16183	-4.02705	-3.16753
										-8.31267	-4.16112	-3.10049
										-8.39647	-4.37421	-3.09810
										-8.45632	-4.54419	-3.12443
										-8.52575	-4.45082	-2.96642
										-8.66222	-4.42688	-2.92332
										-8.80109	-4.59447	-2.98796
										-8.68138	-4.62799	-3.08613
										-8.59518	-4.57532	-3.23457
										-8.34858	-4.47716	-3.16274
										-8.16902	-4.25210	-2.99754
										-8.09240	-4.13239	-2.84910
										-7.96072	-4.14676	-2.81558
										-8.19056	-3.88340	-3.30160
										-8.35337	-4.24013	-3.48356
										-8.46590	-4.52504	-3.50511
										-8.53533	-4.32872	-3.51948
										-8.52815	-4.21619	-3.61764
										-8.34619	-4.38139	-3.52187
										-8.28633	-4.30238	-3.45962
										-8.28154	-4.31675	-3.48117
										-8.16662	-4.42688	-3.32555
										-8.19296	-4.28562	-3.22499
										-8.08043	-4.13718	-3.14359
										-8.09480	-4.28323	-3.24893
										-8.43238	-4.44603	-3.24175
										-8.52815	-4.51546	-3.15556
										-8.50420	-4.44843	-3.30160
										-8.58800	-4.42209	-3.40934
										-8.64307	-4.61363	-3.38780
										-8.69574	-4.76925	-3.38540
										-8.46829	-4.67348	-3.29442
										-8.37252	-4.55138	-3.27287
										-8.36295	-4.62799	-3.07894
										-8.23845	-4.63278	-2.86107
										-7.94636	-4.43406	-2.82037
										-7.80270	-4.25210	-2.87544
										-7.80031	-4.25928	-2.94247
										-8.49463	-4.18985	-3.55539
										-8.72926	-4.48913	-3.61764
										-8.89207	-4.85065	-3.61764
										-8.94713	-4.69024	-3.61524
										-8.81545	-4.43646	-3.62961
										-8.52096	-4.50110	-3.59849
										-8.66940	-4.56574	-3.69425
										-8.44674	-4.58490	-3.57694
										-8.07804	-4.26407	-3.35428
										-7.93917	-3.82833	-3.24414
										-7.78834	-3.82833	-3.15556
										-7.91762	-4.13718	-3.21062
										-7.83383	-4.17788	-3.17950
										-7.80749	-3.86664	-3.22260
										-7.88650	-3.74932	-3.28724
										-7.95114	-4.00550	-3.15556
										-8.20732	-4.21380	-3.04782
										-8.33900	-4.29280	-3.12204
										-8.41323	-4.35026	-3.15556
										-8.67419	-4.32393	-3.21541
										-8.70292	-4.39097	-3.30639
										-8.64307	-4.48195	-3.31118
										-8.73884	-4.39097	-3.42850
										-8.64307	-4.45322	-3.39498
										-8.73884	-4.55377	-3.41174
										-8.11395	-4.08930	-3.44286
										-8.37731	-4.40773	-3.44047
										-8.35576	-4.45561	-3.25372
										-8.39886	-4.38618	-3.34231
										-8.35576	-4.45561	-3.25133
										-8.44914	-4.49631	-3.20584
										-8.34619	-4.51307	-3.10767
										-8.22648	-4.52025	-3.08373
										-8.33422	-4.57293	-3.16513
										-8.28633	-4.54898	-3.10528
										-8.12592	-4.27604	-3.05979
										-8.08761	-4.10845	-3.09810
										-8.19296	-4.26886	-3.14598
										-8.26957	-4.44364	-3.25372
										-8.29351	-4.41970	-3.37343
										-8.23127	-4.34787	-3.39977
										-8.26239	-4.33829	-3.36385
										-8.23845	-4.44124	-3.27287
										-8.36295	-4.47955	-3.34231
										-8.35337	-4.46997	-3.34231
										-8.29591	-4.38378	-3.35907
										-8.35098	-4.50828	-3.40934
										-8.37492	-4.72376	-3.32315
										-8.42759	-4.59447	-3.13162
										-8.53533	-4.57293	-3.18668
										-6.68701	-4.51546	-2.71024
										-7.77158	-3.69425	-3.02867
										-7.07726	-3.93846	-2.46363
										-7.39090	-4.57293	-2.71742
										-7.76918	-4.69503	-2.48039
										-8.51378	-4.89135	-3.04542
										-8.53054	-5.41090	-3.18908
										-8.64786	-5.38456	-3.31597
										-8.81066	-5.03022	-3.48596
										-8.23605	-5.08050	-3.63679
										-8.12113	-5.07810	-3.63440
										-7.79313	-4.89135	-3.42610
										-7.74524	-4.64954	-3.43568
										-7.65666	-4.41970	-3.17471
										-7.91523	-4.50349	-3.24893
										-7.62314	-4.50349	-3.11725
										-7.72609	-4.31675	-3.30400
										-8.10916	-4.58250	-3.60567
										-7.98227	-5.02543	-3.45483
										-8.13789	-4.73813	-3.35667
										-8.22887	-4.40533	-3.43329
										-8.13071	-4.82910	-3.45723
										-8.24324	-5.13796	-3.27527
										-8.48266	-4.93924	-3.19626
										-8.29591	-4.91051	-3.14359
										-8.62631	-4.98473	-3.50990
										-8.30070	-4.96557	-3.55060
										-8.06607	-4.87220	-3.57454
										-8.29351	-4.75967	-3.62961
										-8.04691	-4.84826	-3.36385
										-7.88411	-4.64475	-3.26330
										-7.49146	-4.36463	-3.23457
										-7.31189	-4.33351	-3.17950
										-7.57765	-4.42209	-3.10528
										-7.95114	-4.69024	-3.01430
										-7.83143	-4.79080	-3.03824
										-8.05170	-4.42448	-3.26090
										-8.05409	-4.46519	-3.30160
										-8.51378	-4.94163	-3.45244
										-8.62391	-5.13556	-3.41174
										-8.50181	-5.07331	-3.49075
										-8.78193	-5.15950	-3.57454
										-8.91601	-5.30076	-3.48596
										-8.68377	-5.29358	-3.45962
										-8.36295	-5.17626	-3.60567
										-7.85538	-5.04937	-3.54102
										-7.58962	-4.70700	-3.33512
										-7.51779	-4.46997	-3.45244
										-7.25443	-4.50349	-3.37582
										-7.01980	-4.33590	-3.29203
										-8.39647	-4.93924	-3.87861
										-8.21690	-5.20499	-3.70144
										-8.42041	-5.01585	-3.71101
										-8.20253	-4.88657	-3.46680
										-8.42041	-5.12599	-3.60088
										-8.04212	-5.14514	-3.31836
										-7.83383	-4.74531	-3.27766
										-8.08043	-4.66630	-3.47638
										-2.30083	5.51624	0.00000
										-7.97509	-4.74531	-3.45723
										-7.48667	-4.74770	-3.49793
										-7.79552	-4.72855	-3.68228
										-7.70215	-4.41970	-3.48835
										-7.71412	-4.28802	-3.70383
										-7.54413	-4.55138	-3.75890
										-8.00861	-4.67348	-3.87382
										-7.75961	-4.67827	-3.59370
										-8.01339	-4.59687	-3.53384
										-8.14747	-4.84347	-3.36625
										-8.46350	-5.17387	-3.13401
										-8.78672	-5.26246	-3.04782
										-8.93037	-5.36301	-3.16753
										-8.86573	-5.53061	-3.28006
										-8.85376	-5.50188	-3.27287
										-8.99980	-5.27921	-3.14359
										-7.30232	-4.22098	-2.90656
										-6.95516	-4.18746	-2.98078
										-6.76123	-4.55617	-3.10049
										-6.90488	-4.32632	-3.02388
										-7.10838	-4.06057	-3.05740
										-7.38611	-4.32872	-3.22020
										-7.68539	-4.53222	-3.11964
										-8.13789	-4.45082	-3.38301
										-7.89129	-4.64954	-3.66792
										-8.16902	-4.85305	-3.96480
										-8.31985	-4.84108	-3.86185
										-8.25042	-4.86981	-3.77087
										-8.44196	-4.81953	-3.65355
										-8.35337	-4.86502	-3.41892
										-8.36773	-4.97036	-3.45004
										-8.06607	-5.03979	-3.47638
										-8.16423	-4.95121	-3.60806
										-7.76918	-4.74531	-3.29921
										-7.68778	-4.57293	-3.23935
										-7.39808	-4.58250	-3.05021
										-7.25204	-4.60166	-2.88980
										-7.24964	-4.60166	-2.78206
										-7.37893	-4.63039	-2.58334
										-7.69975	-4.62560	-2.53785
										-7.93917	-4.63039	-2.58095
										-8.91601	-5.62398	-3.35907
										-8.69095	-5.22175	-3.45723
										-7.97269	-5.15950	-3.29442
										-8.16662	-4.84347	-3.31836
										-7.74045	-4.39336	-3.15077
										-7.56807	-4.19225	-3.28006
										-7.20655	-4.12042	-3.35667
										-7.56089	-4.27126	-3.57694
										-7.43400	-4.75728	-3.48596
										-7.63272	-4.75010	-3.39019
										-7.57286	-4.10366	-3.11246
										-7.82904	-3.90973	-3.18429
										-8.19535	-4.36942	-3.26569
										-8.14268	-4.65912	-3.06937
										-8.67898	-4.39575	-3.13880
										-8.69574	-4.30477	-2.96163
										-8.50181	-4.25210	-2.77009
										-8.53294	-3.91452	-2.36068
										-8.84897	-3.78763	-1.38624
										-9.42358	-4.50828	-1.52032
										-9.24401	-4.58490	-1.55623
										-8.66940	-3.97916	-1.71425
										-9.10275	-3.97916	-2.30322
										-9.14106	-3.72298	-2.70784
										-8.94953	-3.67989	-2.95923
										-8.04212	-4.47955	-4.18267
										-8.14986	-4.31435	-5.47075
										-7.02698	-4.79080	-3.99592
										-8.09240	-5.01585	-3.14598
										-7.68539	-4.30956	-3.24414
										-7.41963	-3.43329	-3.54821
										-7.06768	-3.61285	-2.48997
										-8.29112	-3.39258	-0.57700
										-8.49463	-3.00233	2.14042
										-11.56878	-4.49870	1.59693
										-9.19373	-4.53462	3.41174
										-8.93995	-4.38618	2.71502
										-2.30083	4.90333	0.00000
										-9.34457	-3.54581	-0.27054
										-8.95431	-4.19704	-0.38786
										-8.82982	-4.96557	-0.39265
										-18.60773	-8.64786	-1.97282
										-8.24802	-4.18746	-1.05105
										-9.01178	-3.85466	-1.26174
										-9.03093	-4.09887	-1.28090
										-8.42998	-4.56095	-0.60094
										-8.47069	-3.97198	-0.65841
										-7.97987	-3.86664	0.62728
										-8.28873	-3.62482	0.04549
										-7.26161	-3.63919	-0.35195
										-9.33020	-4.79319	-0.45729
										-9.48104	-4.91290	-0.20351
										-9.13867	-4.67348	-1.27850
										-9.35175	-4.36942	-2.12366
										-9.14824	-4.20182	-2.34871
										-8.94474	-3.89776	-2.91614
										-8.79869	-3.60806	-2.75333
										-9.01178	-3.46920	-2.16436
										-8.72208	-3.28724	-2.48039
										-8.52336	-3.47159	-2.26491
										-8.38689	-3.88818	-1.70946
										-9.01896	-4.00789	-1.17076
										-8.37013	-4.18267	-0.96726
										-8.60476	-4.27126	-0.61770
										-8.66462	-4.48434	-0.39025
										-8.26478	-4.41491	-0.78051
										-8.40365	-4.16831	-1.10612
										-7.97030	-3.86664	-1.73340
										-7.93438	-3.78523	-1.90818
										-8.42041	-3.62003	-1.94649
										-8.04931	-4.00550	-1.79805
										-16.59661	-8.27436	-4.13239
										-8.03973	-3.69186	-2.23618
										-8.59758	-3.68468	-1.95367
										-8.76278	-4.21619	-0.90261
										-8.89446	-4.08211	-2.26013
										-9.55047	-4.15394	-2.09253
										-8.40604	-4.36224	-1.68791
										-8.69095	-3.60567	-1.98000
										-8.44674	-3.95043	-2.31998
										-8.16902	-4.39336	-2.43490
										-7.84101	-3.90255	-2.18591
										-8.09240	-3.30160	-1.95606
										-8.05409	-3.59609	-1.91297
										-8.09719	-3.88340	-1.84593
										-8.41562	-3.84748	-2.00874
										-8.56406	-4.01508	-2.00155
										-8.97586	-3.93128	-1.45328
										-9.49062	-3.94325	-1.27372
										-9.56005	-4.35745	-1.58736
										-19.06263	-9.69652	-2.45645
										-9.99100	-4.59208	-0.73981
										-9.94312	-4.45322	-0.78530
										-9.41400	-4.42688	-1.54665
										-8.95910	-4.65912	-1.81241
										-9.57441	-4.83629	-1.21386
										-7.87932	-4.54419	-1.36709
										-7.81946	-3.93128	-0.49560
										-7.46033	-3.31836	0.41659
										-7.69975	-3.56018	0.25379
										-8.65983	-4.26647	-2.37265
										-9.16261	-4.15394	-2.40138
										-8.97347	-4.41012	-1.99916
										-8.94234	-4.02944	-1.57538
										-8.99262	-3.73974	-1.40061
										-8.84897	-4.09887	-1.37906
										-9.09318	-4.27365	-1.59454
										-9.13627	-4.34069	-1.69749
										-8.53054	-4.01268	-1.63524
										-8.97347	-3.70144	-1.69270
										-8.74602	-4.38378	-1.59933
										-8.65025	-4.74291	-1.26893
										-9.01417	-4.24013	-0.98402
										-8.75320	-4.16352	-0.73741
										-8.90404	-4.37899	-0.89783
										-8.61673	-4.28323	-1.07260
										-8.48505	-4.09648	-1.30484
										-8.50181	-3.93367	-1.52271
										-8.08522	-3.74453	-1.56102
										-8.24084	-3.68946	-1.75495
										-8.23605	-3.89297	-1.69988
										-8.44914	-4.08930	-1.50116
										-8.56885	-4.10366	-1.38385
										-8.45393	-3.97916	-1.27850
										-8.67180	-3.95283	-1.30484
										-8.53533	-4.01508	-1.68312
										-8.68856	-3.96240	-1.60412
										-8.43956	-4.06296	-1.42216
										-8.64786	-3.97198	-1.35512
										-9.09557	-4.12521	-1.42216
										-8.49942	-4.24492	-1.43892
										-8.95910	-3.81636	-1.55144
										-8.90404	-4.20182	-1.47004
										-8.90404	-4.56095	-1.37906
										-9.14106	-4.32632	-1.25935
										-8.95192	-4.12042	-1.36469
										-9.13627	-4.07493	-1.65200
										-8.67419	-4.13957	-1.75734
										-8.50660	-3.90015	-1.79086
										-8.58561	-3.86424	-1.80283
										-17.08023	-8.08282	-3.34231
										-8.46350	-3.92649	-1.48680
										-8.71250	-3.77326	-1.41258
										-8.51857	-4.06057	-1.45328
										-8.84179	-4.07254	-1.53229
										-8.54730	-4.11563	-1.48201
										-8.55448	-3.93367	-1.42216
										-8.73884	-4.01986	-1.44849
										-8.60955	-4.27365	-1.30723
										-8.61673	-3.90494	-1.29047
										-8.76278	-3.86185	-1.29287
										-9.01896	-4.03662	-1.38385
										-9.11712	-4.26168	-1.43892
										-9.38527	-4.33829	-1.55384
										-9.41640	-4.33590	-1.57778
										-9.45470	-4.27365	-1.64003
										-9.50019	-4.34787	-1.74058
										-9.01656	-4.34069	-1.68791
										-8.93995	-4.15394	-1.71664
										-8.84658	-4.13239	-1.63763
										-8.47308	-3.96719	-1.44370
										-8.57124	-3.77566	-1.39582
										-8.28154	-3.96240	-1.31921
										-8.53054	-4.03662	-1.36948
										-8.64546	-4.06057	-1.42694
										-8.62152	-4.02465	-1.50835
										-8.48266	-3.84030	-1.52511
										-8.49463	-3.79720	-1.54187
										-8.76038	-4.10127	-1.50595
										-8.71489	-4.22816	-1.33836
										-8.71968	-3.78523	-1.22104
										-9.19373	-3.76847	-1.33357
										-9.16022	-4.34069	-1.43652
										-9.18416	-4.08930	-1.50595
										-9.28711	-3.77566	-1.75734
										-8.76517	-3.61046	-1.17316
										-8.86812	-3.91931	-1.34315
										-9.21289	-4.11803	-1.33836
										-8.88728	-4.08690	-1.24977
										-8.74841	-3.74453	-1.27850
										-8.95431	-3.62243	-1.33596
										-8.92080	-4.04381	-1.37188
										-8.54969	-4.02465	-1.29526
										-8.63110	-3.49553	-1.35991
										-8.63589	-3.70383	-1.42934
										-8.64067	-4.01508	-1.27132
										-8.71729	-4.00311	-1.13485
										-8.72208	-3.90734	-1.20668
										-8.77714	-3.80678	-1.41737
										-8.64067	-4.00071	-1.52271
										-8.75320	-3.89776	-1.44370
										-8.61913	-3.84269	-1.41737
										-8.63110	-3.97198	-1.39582
										-8.64786	-3.99832	-1.32639
										-8.85136	-3.95283	-1.37427
										-8.60237	-4.07733	-1.28569
										-8.61194	-3.85706	-1.32399
										-8.81066	-4.01986	-1.42455
										-8.59758	-4.30477	-1.33836
										-8.64307	-3.93607	-1.19231
										-8.99741	-4.44843	-0.67995
										-8.95192	-4.37660	-0.96965
										-9.12430	-4.57293	-1.16358
										-8.53054	-4.52025	-1.13006
										-8.55688	-3.89537	-1.24020
										-8.16423	-3.94325	-1.28329
										-8.31267	-4.13239	-1.27132
										-8.34379	-4.27365	-1.03669
										-8.43238	-4.12282	-1.00556
										-8.52815	-3.98156	-1.16119
										-8.70292	-3.99113	-1.35033
										-8.55927	-4.20901	-1.33596
										-8.83221	-4.29520	-1.40300
										-8.93277	-4.41970	-1.28808
										-8.93037	-4.32393	-1.11570
										-9.15543	-4.24731	-1.08936
										-9.15303	-4.37421	-1.07978
										-9.08600	-4.45561	-1.21865
										-9.23444	-4.39336	-1.45089
										-8.99741	-4.29999	-1.49877
										-8.92558	-4.24013	-1.52750
										-8.77714	-4.18746	-1.41737
										-8.60237	-4.24971	-1.31442
										-9.01178	-4.34787	-1.21386
										-8.56167	-4.32153	-1.06781
										-8.66940	-4.09887	-1.30484
										-8.67419	-3.90255	-1.14682
										-8.95671	-4.06775	-1.14443
										-8.81306	-4.30477	-1.18752
										-8.82982	-4.26647	-1.39582
										-8.71489	-4.01268	-1.38864
										-8.68616	-4.00550	-1.41018
										-8.56885	-4.07254	-1.43892
										-8.64786	-4.14436	-1.55144
										-8.76996	-3.95283	-1.55384
										-8.76996	-3.99832	-1.80523
										-8.78433	-4.02705	-2.01831
										-8.73165	-3.86424	-2.25534
										-8.79151	-3.78523	-2.62405
										-8.53054	-3.59609	-2.82276
										-8.45871	-3.49553	-2.66235
										-8.60237	-3.64158	-3.06697
										-8.73165	-4.13239	-2.98557
										-8.93516	-4.02465	-2.34153
										-8.88967	-4.11803	-1.82678
										-8.82982	-4.35026	-1.07739
										-9.07163	-4.32393	-0.77333
										-8.54969	-4.34548	-0.21069
										-9.01896	-3.96719	-0.22984
										-8.36773	-4.04141	-1.10133
