>	11:19:00	51.134061	17.053217	111.40	17	23	25	0.01	6.80	37.00	0.06225	-1.47962	7.78116
											-1.23062	-1.23062	9.77313
											0.49799	-0.70868	8.77714
											-0.51715	-0.79487	11.41077
											2.66235	-1.05824	12.75631
											0.30646	-0.42138	10.94629
											1.38864	-0.13408	9.31344
											0.86670	-0.58419	10.28549
											-0.06225	-0.16759	10.75954
											0.16281	0.49321	10.26155
											0.07183	0.80445	10.97981
											2.19309	0.44532	11.99495
											-0.75178	0.50278	8.65743
											0.68953	0.61292	11.91834
											-0.92895	0.41659	10.46745
											0.86191	1.22583	10.95108
											0.80924	0.67995	9.91678
											0.22027	0.62249	10.15620
											1.15879	0.36392	10.15620
											0.68474	0.38307	10.88883
											0.54109	0.59376	7.80989
											1.60890	0.83318	12.02847
											0.56503	0.58419	10.46266
											1.07260	0.06704	9.27514
											-0.28252	-0.22027	11.30542
											0.96247	0.24900	11.36767
>	11:19:01	51.134074	17.053172	111.00	17	24	25	0.01	6.80	37.00	0.68953	0.25379	5.99987
											1.88184	-0.17238	15.37078
											1.52271	-0.49321	11.61667
											-2.92571	-0.83318	6.37336
											-0.62728	-0.85234	9.59596
											0.31603	-0.75657	8.24084
											0.64643	-1.13006	11.83214
											1.01993	-2.54264	13.89116
											-1.34554	-1.02472	9.46189
											-3.92649	0.72784	1.65200
											5.45878	0.41659	17.09460
											-0.05746	-1.26414	15.07389
											-1.93930	-0.71347	4.03184
											1.97282	-0.46926	11.34373
											1.28808	-0.33519	10.79306
											0.55545	0.28252	8.44674
											2.69108	0.62249	17.06108
											-3.79242	1.26414	4.93684
											2.14999	1.31202	8.36055
											1.96325	-0.26336	17.21910
											-2.84910	-0.21548	8.50899
											-0.41659	-0.04788	8.14029
											0.68474	-0.59376	13.63737
											-0.21069	-0.38307	11.12346
											-0.91459	-0.48842	9.18895
											3.40455	0.00479	11.56399
>	11:19:02	51.134088	17.053114	110.40	17	24	25	0.01	6.80	37.00	-0.82839	-2.24576	10.23282
											-2.36547	-0.41180	1.70467
											6.82826	-0.28730	17.87032
											-0.26336	-1.24498	13.93425
											-2.78685	0.31603	-2.52349
											3.90255	0.23942	10.66377
											3.44286	1.05824	17.82723
											-3.31358	1.87227	3.37104
											1.42694	0.48363	9.48104
											-0.68474	0.17238	15.14093
											-0.06225	1.65200	14.02523
											-3.27048	1.15879	4.68306
											0.61292	0.14844	3.80678
											2.34632	-0.32082	24.02821
											-0.97683	-1.06303	8.26000
											-0.75657	-0.63207	7.88171
											-1.12049	0.21548	6.44519
											3.60567	0.31125	12.10030
											0.17238	-0.83797	10.37647
											2.24576	-1.30245	10.89362
											-0.45490	0.20590	2.18830
											5.06613	0.96247	15.27501
											1.39343	0.22505	9.01178
											-3.62961	-0.25857	9.88805
											1.48441	-0.84755	8.79151
											-1.14443	0.25379	8.87291
>	11:19:03	51.134086	17.053081	110.00	17	24	25	0.01	6.80	37.00	1.20189	-0.81403	11.40598
											1.25935	-0.36871	15.70117
											-3.56257	0.11971	2.62405
											-1.29287	0.30167	8.18338
											0.92895	0.73263	11.16656
											1.24020	-0.74220	16.64449
											-1.04866	-1.96325	7.92960
											0.77093	-1.15879	4.58250
											2.23140	-0.60334	14.40352
											2.59531	-0.66080	10.66377
											1.24020	-0.10056	12.38760
											-0.44532	-0.37350	10.40999
											1.61848	-0.32082	7.62793
											-0.36871	-0.94810	8.92080
											1.35512	-1.22583	14.57111
											-1.22104	-1.32639	8.76757
											1.63763	-1.24020	12.24874
											0.54109	-1.12527	9.30866
											-0.12450	-0.08140	10.81221
											-0.71826	-0.19154	8.12592
											1.57060	-0.55067	12.47379
											-0.64165	-1.14443	11.23359
											0.44053	-0.29209	6.04775
											3.89776	-0.11013	20.61887
											-1.44131	-0.17238	11.30542
											-2.24576	-0.06225	-4.38618
>	11:19:04	51.134105	17.053019	109.60	17	24	25	0.01	6.80	37.00	2.08296	-0.25379	16.70195
											-1.91057	0.87149	5.18584
											1.75256	0.66559	12.17691
											-0.74699	-0.13408	10.23761
											0.39744	1.01514	12.03326
											-0.94332	-0.07183	8.97826
											1.22583	-0.22027	10.75954
											0.87149	-1.02951	12.66533
											-1.25456	-0.73263	7.62793
											1.88663	-0.29688	10.70687
											-2.11169	-0.68474	9.05966
											1.63285	0.42617	8.60955
											1.26414	1.47004	13.40753
											-0.61770	1.32160	9.62948
											1.55144	0.55545	8.84897
											-0.35913	0.00479	13.14417
											1.03430	-0.28730	6.62236
											1.36948	-0.10056	13.31655
											0.56503	0.59376	10.88404
											0.42138	0.42138	8.89207
											1.02951	0.18675	8.14986
											0.35434	0.19154	13.14417
											-0.35913	-0.31125	8.81066
											-0.37828	-0.92416	8.44196
											0.32082	-1.47004	11.30063
											1.54187	-1.27850	13.22078
>	11:19:05	51.134122	17.052981	109.00	17	24	25	0.01	6.80	37.00	1.36948	-0.58419	17.44894
											-0.67995	-1.11091	6.98149
											-0.09098	-0.94810	8.11634
											0.99599	0.06704	13.29740
											0.98641	-0.04788	13.91989
											-2.01113	0.00958	5.40132
											1.07739	0.23463	10.51055
											1.63763	-0.11971	13.11065
											-1.27850	-0.13408	7.86256
											2.74376	0.19632	12.66054
											-1.12527	0.22984	11.38204
											1.94409	-0.05267	9.88326
											1.48919	-0.00479	8.25042
											-0.64165	0.40701	10.05086
											0.83797	0.74220	12.59350
											-0.28252	0.70868	9.09318
											0.00000	-0.10056	9.80665
											-1.80523	-0.70868	9.94073
											1.24977	-1.18752	12.49294
											-0.97205	-0.33519	8.30788
											-0.03352	0.32082	9.40921
											2.03028	-0.19154	11.06600
											1.21625	-0.44053	10.31901
											0.81403	-1.01514	10.15620
											1.66636	-0.32561	13.00051
											0.32082	-0.48842	10.93671
>	11:19:06	51.134139	17.052923	108.50	17	22	24	0.01	6.80	37.00	1.49398	-0.11013	15.67723
											1.12049	0.47884	10.82179
											1.16837	0.40701	12.04283
											-1.40779	0.68474	7.47470
											-0.57461	0.26336	6.83784
											1.76213	-0.52672	13.50809
											-0.87149	-1.00078	10.98939
											0.26815	-0.96247	8.94953
											-0.71826	-0.51236	11.95664
											0.78051	0.04310	8.88728
											-0.83318	-0.57940	10.28549
											0.48842	-1.55623	10.75954
											2.50433	-1.59933	13.59428
											-1.13006	-0.35913	9.73961
											-0.69432	0.94810	2.24097
											1.22104	-0.01437	10.53449
											-0.24900	0.22505	14.06833
											-0.40701	0.87149	7.06289
											-1.78607	0.38786	3.26569
											3.62482	-0.49321	14.93982
											-1.15879	-0.44053	9.68694
											-5.82749	-9.12191	-5.82749
											0.75657	0.53151	11.95185
											0.77572	-0.37350	12.49294
											0.65601	-0.71347	7.22091
											3.01669	0.33998	11.02290
>	11:19:07	51.134153	17.052857	109.40	17	22	24	0.01	6.80	37.00	-0.40701	-0.54588	14.24071
											0.87149	-0.62728	10.19930
											-0.78530	-0.57461	8.75320
											1.86748	-1.11570	11.09952
											1.25456	-0.62728	14.95418
											-1.53229	0.31125	5.52103
											1.88663	-0.31125	10.00297
											1.24020	-0.90022	13.78102
											-1.50356	-1.22583	8.16902
											2.95923	-0.87149	12.02368
											-1.39821	-1.33118	10.53928
											0.78530	-1.33118	8.31746
											-0.80445	-1.71425	11.30063
											0.04310	-0.72305	7.90565
											-0.02394	-1.03908	11.37725
											1.72861	-0.06704	11.00854
											-0.13886	0.39744	10.81221
											-0.21548	0.65122	9.48104
											1.21147	-0.14844	10.47703
											0.74220	0.19154	9.22246
											1.88663	0.79966	13.26867
											0.29688	0.58419	12.57435
											-1.35512	1.58017	5.02304
											2.15478	0.11013	12.39239
											-1.29766	0.67038	10.19451
											-0.19154	0.94332	9.12670
>	11:19:08	51.134170	17.052817	109.60	17	22	24	0.01	6.80	37.00	-1.08218	-2.37505	12.17212
											-1.06303	-0.52672	-0.30167
											3.88340	-0.34955	21.09771
											0.75178	-1.99198	11.60709
											-2.64320	0.07183	11.65019
											2.93050	0.56503	11.89918
											-1.82917	-0.42138	9.81623
											0.36392	0.14365	10.31901
											4.97515	0.61770	19.57499
											-4.98952	1.24020	6.89530
											3.16992	-0.38786	-2.80600
											-0.68474	-0.92895	16.77378
											-0.25857	0.82361	9.43794
											2.01592	0.45490	11.47780
											0.46926	-0.43574	13.33570
											-0.39744	-0.33040	7.57525
											-1.00078	-0.79487	9.82102
											-1.18274	-0.71826	9.08839
											1.37906	-0.75657	12.06199
											4.86023	-0.23463	17.51598
											-3.07416	0.50757	10.46266
											-0.27773	-0.11492	1.34075
											1.20189	-0.59376	11.12825
											0.81403	-0.66080	13.85285
											2.31759	-0.29209	11.82736
											2.37026	-1.31681	13.55118
>	11:19:09	51.134180	17.052763	109.60	16	22	22	0.01	6.80	36.90	-0.77093	0.17238	9.12670
											4.55377	0.24421	10.84095
											3.27527	-0.30646	13.79539
											-1.24977	-0.14365	10.23282
											3.55300	0.20590	11.72201
											0.48363	0.01437	17.65963
											-4.68785	-0.47405	4.44364
											-1.42216	-2.15957	5.09965
											1.79565	-1.70467	8.03494
											1.13485	-0.78051	15.78737
											1.55623	-0.49799	10.39562
											0.07661	-0.68474	9.72525
											0.89064	-2.11169	13.65653
											-0.15323	-1.97761	3.16035
											2.74376	-0.91459	14.40352
											3.20344	-0.60334	11.72680
											0.67516	0.20590	11.06121
											-0.05746	0.93853	6.69898
											-3.27527	0.91459	13.65653
											-3.60567	1.03908	6.35421
											1.01993	0.89543	14.47056
											0.72305	1.63763	9.26077
											0.25857	1.76213	8.44674
											1.94888	1.75734	10.11790
											0.82361	0.30646	15.05953
											1.20189	1.39343	7.19218
>	11:19:10	51.134192	17.052695	108.20	16	22	22	0.01	6.70	36.90	-0.59376	-0.27294	13.56555
											-4.48673	0.90501	0.60813
											3.20344	-0.51236	17.32923
											0.97205	-1.36948	9.84017
											-2.03028	-0.68474	7.89608
											1.45567	-0.93374	9.74919
											1.60890	-1.19710	10.29507
											1.16837	-2.50912	14.48971
											0.89064	-1.89621	7.04853
											3.69186	-1.24020	13.13938
											0.30167	-0.68953	10.49139
											-3.82593	-0.96247	7.19697
											0.48842	-1.85790	8.30788
											1.55144	-1.73340	11.64061
											-1.71904	-0.42617	8.44674
											-0.39744	-0.41659	12.42112
											1.56581	1.18752	10.47703
											-1.23541	1.73340	6.37815
											2.28407	0.51715	13.57512
											2.79164	0.10534	15.18403
											-1.20189	0.59376	2.56658
											1.91536	-0.66080	9.48104
											0.87149	-0.62249	11.26711
											1.21625	-0.13408	11.01812
											0.55545	-0.22027	12.75631
											-0.95768	0.24900	8.02536
>	11:19:11	51.134204	17.052651	108.30	16	22	22	0.01	6.70	36.90	-0.20111	-0.87149	0.86191
											4.22816	-1.59454	18.17199
											0.21069	-1.05824	10.12747
											-0.23942	-0.40223	8.97347
											-0.35913	-0.95289	12.33972
											0.42138	0.18196	10.37168
											-1.01993	-1.25456	10.86968
											-0.63686	-0.44053	9.56723
											-0.63686	-0.05746	9.14106
											1.15401	0.20111	10.27112
											-0.58419	0.11492	11.11867
											-1.32639	-0.39265	8.25521
											1.77171	0.11492	11.82736
											0.93853	0.50278	12.06678
											-0.14844	-0.14365	9.12191
											-0.30646	-0.37828	8.48026
											1.63285	-0.82839	11.50175
											2.13084	-0.60334	11.08994
											0.48842	-0.34477	11.54005
											-0.69432	0.15323	6.97670
											1.96803	0.00000	14.02523
											-1.14443	-0.03831	9.65821
											-1.56581	-0.10056	4.54419
											1.46046	-1.25935	15.98369
											-0.15323	-1.06303	7.07726
											-0.02394	-0.64643	10.05565
>	11:19:12	51.134218	17.052608	108.50	16	20	21	0.01	6.70	36.90	-1.57060	0.71347	2.31759
											1.19231	-0.10534	18.28212
											-0.99599	1.46046	7.79073
											-0.70868	0.33040	10.14663
											1.41258	-0.40701	9.54808
											2.75333	-0.97683	15.14572
											-2.45645	0.26815	7.66145
											2.92093	-0.02394	10.69729
											1.13964	0.64165	11.42513
											1.75256	-0.01437	9.41879
											-1.71425	0.70868	8.93516
											2.58095	0.57461	13.36443
											-1.52750	0.44532	7.64229
											-0.04788	-0.37350	13.36922
											-1.28329	0.07183	5.07092
											0.82839	0.22984	13.07234
											0.20111	0.11971	6.65588
											2.37026	-0.41180	13.65653
											0.50278	-0.69432	4.89854
											1.79565	-1.58496	16.01242
											1.06303	-1.91057	14.95897
											-1.38385	-2.79643	7.31668
											3.86424	-2.61926	10.32380
											-2.96881	-2.56180	12.25831
											0.89543	-0.97683	0.26815
											4.22337	-1.37906	19.91497
>	11:19:13	51.134236	17.052546	108.80	16	20	21	0.01	6.70	36.90	2.93529	0.24421	13.24951
											0.83797	1.28329	7.97748
											-0.62249	-0.31125	4.38139
											0.65601	-0.22505	12.55041
											-1.17316	-0.03831	13.43626
											-0.96247	-0.02873	13.90073
											-1.58975	0.27294	6.99107
											-0.22027	0.02873	4.93206
											1.03430	-1.42216	13.96777
											3.33752	-0.88107	15.67723
											-0.56982	0.28252	9.15543
											2.12126	0.01437	1.52750
											1.54187	-0.79009	15.47133
											0.98162	-0.02394	14.25508
											-2.07817	0.72305	4.76446
											4.18985	-0.03352	17.78413
											-1.68552	-0.14844	5.04698
											0.59855	-0.12450	8.50899
											2.77249	0.95768	16.01242
											-2.48518	1.45567	6.30633
											5.56412	0.06704	11.95664
											-1.70946	1.76213	8.61913
											-0.99599	1.63763	10.59195
											0.36871	1.35991	7.70933
											0.45490	1.28329	13.36922
											-2.41814	0.76614	8.14986
>	11:19:14	51.134250	17.052495	109.10	16	20	22	0.01	6.70	37.00	-1.64242	-0.19632	6.85221
											1.48919	0.55545	5.50666
											1.71904	-2.77249	13.81454
											-0.98162	-1.81959	9.35175
											1.76692	-0.29209	9.11712
											-1.51314	0.14844	6.78996
											1.12049	0.13886	14.53280
											0.34477	-0.31603	9.81623
											2.34153	0.93853	11.55921
											-1.50356	0.93374	13.90552
											0.00958	0.44053	8.56645
											3.72059	0.02394	9.61033
											-0.16281	-0.32082	14.16410
											-0.82361	0.21069	7.57047
											3.96959	-0.19154	15.50485
											0.85234	-0.83797	16.67322
											-5.80833	0.00479	-0.13408
											3.50990	-0.02394	15.74427
											-2.14520	-0.11971	10.87446
											-0.80924	0.08619	1.25935
											2.53307	-0.03352	17.53992
											-2.48518	-0.17717	8.51857
											2.72460	-0.12450	12.97657
											-1.01993	-0.11492	6.66546
											2.74376	-1.48441	12.07635
											1.47483	-1.20189	11.54005
>	11:19:16	51.134265	17.052368	108.50	16	20	22	0.01	6.70	37.00	0.22984	0.61292	9.77313
											-0.03352	0.86670	9.40921
											-0.86191	1.06303	14.60463
											0.90980	2.17872	9.46667
											-1.83396	0.79009	9.32302
											0.72305	0.02394	2.82516
											4.19464	0.93374	19.12009
											0.18675	1.36948	4.05578
											1.31681	0.81882	11.22402
											-0.12450	-0.34955	10.83137
											0.12929	-0.84276	9.78271
											-0.52194	-0.56503	11.75553
											-1.01035	-1.06781	8.21690
											-1.36469	-0.04788	8.91122
											3.50032	-0.33519	14.36521
											-0.57461	-0.68474	12.64139
											-1.75256	-1.55623	7.27358
											0.38786	-1.13006	9.15543
											0.98641	-1.56102	14.52802
											-0.45969	-0.29209	7.96311
											0.66559	-0.28730	5.25288
											2.59531	-0.99599	16.04115
											1.90578	0.53630	14.27902
											-1.83875	-0.85712	2.23140
											1.73819	-0.77572	12.50252
											0.92416	-0.50757	12.83771
>	11:19:17	51.134276	17.052315	108.70	16	20	22	0.01	6.70	37.00	1.98719	0.28730	9.88326
											2.88741	-0.32561	13.00530
											-1.71904	-0.21069	8.37013
											2.17394	-0.20111	16.53436
											-2.25055	1.28808	1.93451
											1.66158	0.82839	8.98304
											1.85790	0.40701	21.09771
											-2.42293	-0.05746	5.65989
											-0.33519	-0.64643	1.64721
											2.48518	-1.14922	21.11686
											-0.73741	1.11570	5.79876
											-0.21069	0.98641	9.68215
											0.76136	-0.04310	10.21845
											3.56257	-0.84276	14.11621
											-0.84276	-0.72305	6.02860
											0.37350	-1.04387	9.92157
											0.97205	-0.65122	14.10664
											-0.17717	-0.40701	6.42125
											0.75657	-1.35991	10.54406
											-1.18752	-1.50356	9.60554
											-0.29688	-0.22505	10.62068
											1.86269	-0.43574	10.94150
											-1.67594	-0.41659	10.55843
											-0.20590	-0.19154	9.44273
											2.40857	0.21069	11.13783
											0.45490	1.06303	12.99573
>	11:19:18	51.134288	17.052269	109.00	16	20	22	0.01	6.70	37.10	-0.27294	-0.74699	13.63258
											-2.28407	-0.66080	3.86903
											5.52103	-0.91937	14.63336
											-0.97205	-0.76614	11.99974
											-0.06704	-0.30167	11.37725
											1.60412	0.13886	4.57293
											0.38307	-0.70390	12.66054
											1.44610	-0.32082	13.33570
											-0.75178	-0.32561	6.86178
											0.72305	-0.69911	10.31901
											1.81959	-0.00479	9.34696
											-1.13485	-0.23942	12.22001
											-0.55067	-0.91459	14.87278
											-1.36469	0.22984	6.21056
											1.03430	-0.66559	10.80264
											-0.99599	-0.33040	10.17536
											1.46525	0.43096	8.97347
											1.33596	0.75178	12.52168
											1.30723	-0.05746	10.44830
											1.54665	0.34955	11.26232
											-2.58574	-0.41180	9.10754
											0.45490	-0.70390	12.05241
											0.89064	0.94810	9.94551
											-0.10056	1.15879	11.20486
											0.13886	-0.11013	11.93749
											-0.04310	-0.25379	11.27669
>	11:19:19	51.134301	17.052224	109.10	16	20	22	0.01	6.70	37.10	0.61292	-0.89543	13.09149
											-1.91536	0.14844	7.50822
											1.92973	0.06704	7.22091
											0.46448	-1.16358	16.50084
											-2.02549	-0.36392	3.07894
											1.91057	-0.94810	16.99404
											0.20111	-0.36871	7.46033
											0.43574	-0.17238	12.05720
											-1.78129	-0.72784	8.09240
											0.50757	-0.35434	9.77313
											1.79086	-0.30646	10.91756
											1.71425	0.02394	12.78504
											-2.05422	0.15323	4.05099
											4.62560	-0.55545	14.95418
											-0.56503	-0.07183	10.10832
											0.70868	0.73741	10.48660
											-1.06303	0.30646	7.74285
											2.74854	-0.04310	9.29429
											-1.83875	0.57940	11.54484
											-0.35913	0.10534	6.42604
											-0.24900	0.10056	13.78581
											0.32082	-0.68474	7.28795
											0.67038	0.30646	11.82257
											0.05746	0.11013	9.73482
											2.71502	-0.50278	14.55675
											-0.75657	-0.43096	12.50252
>	11:19:20	51.134301	17.052224	109.10	16	20	22	0.01	6.70	37.10	0.52194	-2.71502	15.09305
											-2.61926	-2.22661	5.38217
											3.54821	-1.22583	14.08748
											-0.70390	0.71826	11.63582
											-0.57940	1.27850	6.69898
											3.84509	0.36392	13.29740
											0.18675	0.67516	7.18739
											-0.58897	0.28730	8.88728
											2.31280	-0.77572	10.17057
											-0.83318	-0.28252	13.60385
											-0.53630	-0.62728	7.83862
											2.47082	-0.93853	11.19050
											-3.39498	0.00958	9.04051
											1.30245	0.74699	10.77391
											0.87149	0.76136	12.04283
											0.43096	-0.29688	10.45308
											0.46926	-0.54109	9.32302
											0.56503	0.05746	7.28795
											0.37828	0.11492	13.14417
											-0.18675	0.28730	8.33661
											2.03507	0.55545	11.15698
											-2.96402	0.23942	9.71567
											2.36068	-0.37828	11.03248
											1.03430	-0.85712	12.56956
											-0.17238	-0.46448	10.67814
											-1.60412	-1.47962	7.28316
>	11:19:21	51.134301	17.052224	109.10	15	20	21	0.01	6.70	37.10	-0.14365	0.30646	11.33415
											-0.38307	0.08619	9.35654
											1.43173	-0.70868	10.05086
											-0.82361	-0.76614	13.70920
											0.47884	-0.96726	6.76601
											-0.91459	-1.25456	9.16979
											1.82438	-1.07739	11.99016
											-0.53151	-0.01915	14.28860
											0.61770	0.48363	5.33907
											3.35667	-0.30646	14.17367
											-2.21703	-0.65601	11.27669
											1.62327	-0.81403	6.84263
											1.53229	-0.60334	9.95509
											-1.36948	-0.56982	9.86411
											0.75178	-1.35512	10.29507
											2.88262	-1.87227	14.16889
											-1.83396	-0.17717	6.62236
											-0.95289	-0.11971	12.03326
											1.23062	0.73263	13.37880
											0.95289	-0.11492	11.05163
											0.32561	0.53630	4.25689
											1.59454	0.14365	14.26944
											0.45490	1.06303	2.76291
											2.01592	-0.52672	16.17044
											-0.06704	0.24900	4.88417
											0.27294	0.29688	9.41879
>	11:19:22	51.134301	17.052224	109.10	15	20	21	0.01	6.70	37.10	-0.41659	-1.04866	10.08438
											-0.96247	-0.96726	6.59842
											1.40779	-1.10612	11.89439
											0.82361	-0.33519	8.56645
											-0.51715	-0.33040	12.22479
											0.90022	-0.17717	12.42112
											-0.87628	0.20590	11.15698
											0.68474	-0.35913	11.19050
											-3.77326	-0.48842	-0.04310
											2.45645	-0.93853	17.96130
											0.11971	-0.11971	5.05655
											0.12929	-0.37828	12.89038
											1.61848	0.70390	9.56723
											1.30245	0.87628	12.83771
											-0.89064	1.25456	12.77067
											1.67594	0.69432	5.65989
											1.77650	0.39265	14.42746
											-0.51236	0.70390	5.87058
											0.45969	0.36392	8.83939
											3.62003	0.02873	16.83603
											-2.95444	0.81403	9.01656
											-2.58095	0.32561	5.69341
											2.22182	-0.68474	12.65575
											-3.35667	-0.67516	5.65032
											0.87628	-1.17316	13.22078
											-0.20111	-1.30245	10.57279
>	11:19:23	51.134301	17.052224	109.10	15	20	21	0.01	6.60	37.10	0.27294	-0.28252	9.47625
											0.14365	-0.56024	9.81623
											-1.49877	-0.43096	7.30710
											0.58897	0.13886	12.27268
											-0.00958	0.79009	10.83616
											-0.42138	0.21548	7.53695
											1.97282	0.48842	14.89672
											-0.82361	0.90980	6.26802
											1.01035	0.76614	11.75074
											1.39343	0.90022	9.83059
											1.27850	-0.06704	9.42358
											0.15802	0.11492	9.59596
											1.05345	-0.19154	12.00453
											-0.20590	-0.14365	11.42992
											-1.40779	-0.30167	8.28394
											0.15323	-1.13964	9.73004
											1.27372	-0.63686	14.09227
											-0.69911	-0.25379	10.88883
											-0.10056	-0.49799	6.70376
											2.48518	-0.06225	12.12424
											-0.48842	-0.04310	13.45541
											1.90100	-0.40223	7.38851
											-0.15802	-0.72784	9.10275
											1.38385	-0.74699	12.46900
											1.55144	-0.62249	11.03248
											0.56982	-1.03430	11.52569
>	11:19:24	51.134301	17.052224	109.10	15	20	22	0.01	6.70	37.10	-0.79009	-0.23942	5.96156
											4.34787	-0.28730	14.45140
											-1.01993	0.40223	11.26232
											1.20668	-0.41180	8.40365
											-3.47638	-0.07661	0.83797
											2.85389	-0.25379	17.65963
											0.47884	0.33040	9.93115
											-4.08930	-0.58897	-0.39265
											3.14598	0.32561	16.16565
											2.37505	-0.08619	9.86890
											1.39343	-0.53630	11.57836
											0.33998	-0.25379	9.95988
											1.07260	-0.74699	13.11544
											0.98641	-0.79009	9.46667
											2.64799	-0.69432	9.63427
											-2.06380	-1.42694	12.31577
											2.71981	-0.50278	13.72356
											-3.92170	0.80445	-1.21625
											-0.50757	-2.60010	18.71787
											0.71826	1.50835	13.23515
											-4.80756	-0.43096	2.18351
											0.45011	-1.55144	14.74349
											0.67995	-0.18675	11.23359
											0.13408	-1.24977	9.10275
											3.56257	-0.46448	12.55041
											0.12450	-0.14365	9.61990
>	11:19:25	51.134355	17.052000	108.90	15	20	22	0.01	6.70	37.10	1.68073	-1.74777	15.27501
											-0.61770	-1.51314	6.67503
											0.90980	-1.60412	15.58625
											-0.06225	-0.22027	3.99353
											6.12437	-1.76692	19.31642
											-0.54109	0.09098	11.45386
											-1.89142	-0.42138	-2.01113
											4.66391	-1.52271	19.88624
											1.54665	1.10133	14.32690
											-3.50990	0.36871	0.16281
											2.94487	-1.61369	14.74828
											-2.48039	1.13485	11.44428
											-2.25534	-1.50356	8.06367
											0.72305	-0.35434	11.56878
											1.63763	0.83797	16.31409
											-0.24421	0.33998	6.52659
											0.46926	-0.58897	12.64139
											0.73741	-0.65601	6.29196
											6.21535	-0.77093	16.65886
											-2.31280	0.77572	4.96079
											2.11647	-1.65200	14.90630
											-0.86670	2.30801	8.48984
											0.71347	1.61848	8.64307
											-0.96247	-0.83797	13.55118
											-1.14922	0.52194	8.81066
											-0.30646	-0.50278	10.69729
>	11:19:26	51.134372	17.051972	108.90	15	20	22	0.01	6.60	37.10	-0.20111	0.40223	13.31176
											-0.70868	0.36871	6.48350
											3.07416	-0.74699	11.26711
											-0.93374	-0.25379	11.12346
											0.45011	-1.10612	12.57435
											-0.50757	-0.19632	10.25676
											-0.40223	-0.00479	6.78517
											-0.52672	0.04788	11.63582
											0.74699	-0.34477	8.42759
											2.63841	-0.47884	13.23994
											-0.68953	-0.42138	11.34852
											-1.45089	-1.06303	4.88417
											1.84354	-1.34075	13.58949
											1.44131	-0.98641	11.85609
											-1.61848	0.44532	4.79319
											4.37660	-0.42138	16.82645
											-2.24097	0.09577	8.55688
											0.15323	-0.27773	10.19451
											-1.24020	-0.26336	8.69574
											-0.18196	-0.02394	9.79707
											0.97683	-0.50278	11.99974
											0.29688	-0.68953	9.05487
											0.20590	-1.46046	12.54562
											1.34554	-0.87149	7.69496
											0.26815	-0.60813	12.66533
											0.45969	0.19154	8.22648
>	11:19:27	51.134372	17.051972	108.90	15	21	24	0.01	6.60	37.10	-2.20745	-0.30646	7.58004
											2.20745	-0.63686	11.00375
											0.72305	-0.51236	12.86165
											0.95289	-0.42138	13.74751
											2.32238	-0.11013	3.90255
											-1.15401	-0.26336	13.35486
											-1.22583	-0.62728	8.65265
											1.80523	-0.25379	10.59195
											-1.06781	-0.40701	11.21444
											-0.88107	-0.80445	11.12346
											1.10612	-1.29766	9.78271
											-0.71826	-0.81403	10.20409
											0.69911	-0.41180	12.49773
											1.75734	-0.46926	6.67503
											2.86347	-1.02472	11.68849
											-0.53630	-1.07260	9.55287
											1.01035	-0.80445	9.71088
											0.53151	-0.52194	9.95509
											0.42138	-0.44053	9.95509
											0.56024	-0.93374	11.37246
											-0.62249	-0.94332	11.76032
											2.28886	-0.54109	9.95509
											-0.71347	-0.31125	9.48583
											-0.01437	0.33519	9.98382
											0.63207	0.79009	12.40197
											-0.11013	0.65601	10.07480
>	11:19:28	51.134372	17.051972	108.90	15	21	24	0.01	6.60	37.10	0.28252	0.91937	9.50498
											-2.22661	1.56102	10.22324
											1.37427	0.20111	11.47301
											-0.79009	0.21548	7.98706
											-0.73741	0.43096	9.15543
											0.76136	-0.60334	13.17290
											-0.66080	-0.01915	8.90643
											3.44286	-0.62249	14.49450
											-0.18675	-0.62249	7.54174
											-5.82749	-9.12191	-5.82749
											1.13964	-0.03352	9.40442
											1.38864	-1.11570	14.34606
											-1.45089	-0.63207	6.01902
											1.31681	-1.10133	11.33415
											0.07661	-0.77093	10.78827
											0.42617	-1.07739	13.81933
											-2.61926	0.46926	3.28963
											2.78685	-0.03352	15.28937
											-2.72460	1.89621	3.82115
											4.83150	-0.29688	17.16643
											-1.35991	1.01035	7.24964
											1.39821	0.02873	9.69652
											-2.03986	0.15802	4.86502
											2.31280	-0.56982	11.35330
											-0.11492	-0.36871	10.96066
											2.21224	0.03831	8.16902
>	11:19:29	51.134372	17.051972	108.90	15	21	24	0.01	6.60	37.20	0.42617	-0.58897	10.25676
											1.26893	-1.30245	14.17367
											-1.38385	-0.84276	5.60722
											1.12527	-0.42138	8.27915
											1.08697	-1.10133	15.56710
											-0.21548	-1.15401	10.61110
											2.00155	-1.77171	9.50977
											-1.94409	-0.70390	9.36133
											-0.14365	0.31603	11.06600
											1.88184	0.38786	11.93749
											0.81882	1.15879	6.90488
											0.35434	1.42216	12.14339
											-0.34477	1.33596	7.30232
											1.38385	0.38786	12.02368
											2.12126	1.17795	10.27591
											-0.16281	1.01035	11.27669
											-0.87628	-0.04788	7.19218
											2.75812	-0.14365	10.40041
											-2.32238	0.22027	10.35732
											-0.11492	-0.17238	11.30063
											-1.01514	-0.33998	10.21845
											-0.18675	-0.52672	11.16177
											-1.47004	-0.31603	9.30866
											1.02472	0.05267	12.83292
											1.15401	-0.25379	9.45710
											0.27773	-0.28730	8.88249
>	11:19:30	51.134372	17.051972	108.90	15	22	24	0.01	6.60	37.20	0.88585	-0.60813	11.55442
											1.26414	-0.44053	12.97178
											0.67038	-0.01437	9.60075
											1.69509	0.76614	13.85764
											-1.96803	-0.32082	4.35745
											1.50835	-0.56024	13.58949
											0.80445	0.43096	13.36443
											-1.34554	0.11971	9.52413
											0.75657	-0.44053	8.01579
											0.94332	0.50278	15.03080
											-1.35991	1.20189	8.17859
											1.42694	0.74220	13.14896
											-2.54264	0.42617	5.04698
											3.79242	-0.51236	15.88313
											-2.11647	-1.22104	7.54652
											0.94810	-1.29766	11.42034
											0.91459	-0.62249	12.84729
											0.32561	-0.36871	10.16099
											0.71347	-1.34554	9.94073
											1.88663	-0.92416	10.81700
											-2.19309	-0.77093	7.87214
											2.06859	-1.41258	11.62146
											1.01514	-1.62806	11.40119
											-0.78051	-0.33998	8.50420
											-0.67516	0.01437	10.94150
											-1.40779	0.17717	7.52737
>	11:19:31	51.134425	17.051755	111.30	15	22	24	0.01	6.60	37.20	1.15401	-0.87149	13.48414
											1.23062	0.10056	8.82024
											-0.92895	-0.01437	7.74764
											1.41737	-0.47884	15.44739
											-0.31603	-0.25857	7.50343
											-1.88663	-0.85712	11.71243
											0.21069	0.30646	11.76511
											-0.57940	-0.10534	8.56645
											1.93930	-0.47884	11.34852
											0.05746	0.61770	9.86890
											-5.82749	-9.12191	-5.82749
											3.96480	0.20590	11.02290
											-0.19632	-0.47884	8.62391
											1.01993	-1.14922	15.19360
											-0.26336	-0.52672	9.32781
											-0.23463	-0.34955	8.96389
											0.82361	-0.90980	13.17290
											-0.56982	-0.82839	5.44441
											-0.22505	-1.30245	12.75152
											0.86670	0.37828	8.34619
											1.72383	1.14443	13.27824
											-1.44131	1.53229	5.25288
											2.54264	0.29688	14.79617
											-1.35512	0.82361	5.64553
											2.71024	-0.12929	15.90708
											-2.29843	1.13006	2.65756
>	11:19:32	51.134467	17.051648	112.60	15	22	24	0.01	6.60	37.30	-2.24576	-0.87149	6.02381
											1.81480	-0.66559	14.46577
											1.81480	0.19154	10.91756
											1.14443	0.11492	10.04128
											0.18675	-0.34477	9.47625
											-0.04788	-0.80924	9.28471
											0.82361	-0.29688	9.25119
											0.32561	-0.25857	8.94953
											1.01035	-0.99120	14.45619
											0.61292	-0.65122	8.75320
											-1.84354	-1.74777	7.56568
											2.43251	-1.75734	12.94784
											-1.17795	-0.49799	7.44118
											-0.97683	-0.12929	9.05487
											1.95846	0.45969	13.22078
											1.27372	-0.34955	10.01255
											0.83797	0.04788	11.31979
											0.53151	-0.45011	12.19127
											0.28252	-0.36392	8.22648
											1.32639	0.11492	8.12113
											-0.39265	0.53630	14.40831
											-1.13485	0.32082	5.91368
											3.88818	-0.25379	11.31979
											-1.93930	-0.30646	9.90242
											-0.27773	-0.41659	8.46111
											0.14844	0.04310	12.04283
>	11:19:33	51.134473	17.051583	112.60	16	22	25	0.01	6.60	37.30	-1.18752	-1.01993	9.35175
											1.95367	-1.28808	14.73392
											-4.81713	-0.47884	1.60890
											4.26168	0.20590	19.55584
											-2.24097	0.10534	8.19296
											-0.29688	-0.13886	8.04931
											2.33674	0.48363	15.01164
											-2.07338	0.10056	5.81791
											2.97839	0.87628	13.57034
											2.07817	0.41180	11.59272
											0.56503	-0.31125	10.48182
											-0.53151	0.19154	9.51935
											0.16281	0.79966	7.66145
											1.41737	0.60334	15.12657
											-2.59053	1.07739	8.30788
											0.36871	0.34477	9.10275
											1.24020	-0.45011	11.92312
											-0.55067	-0.47884	11.04685
											1.04866	-1.00556	13.51766
											-1.32160	-0.26815	2.38941
											2.41336	0.29209	13.72356
											2.07338	-0.65122	13.16332
											0.32082	-2.13084	8.46590
											0.38307	-1.82438	7.95833
											0.72305	-1.29766	11.43471
											-0.78051	-0.72784	9.12670
>	11:19:34	51.134494	17.051561	112.70	16	22	25	0.01	6.60	37.40	2.13084	1.65679	12.11466
											0.17717	1.21625	6.29196
											0.48842	0.84276	12.78025
											0.48842	0.97205	10.95587
											0.65122	0.00479	9.37091
											1.13485	-0.58897	13.69962
											-3.03585	-0.10534	4.13718
											3.47159	-0.67516	12.95742
											-1.49877	-0.24421	11.91834
											0.21548	-0.11492	4.32872
											3.30400	0.15802	17.39627
											-2.38941	-0.33040	6.49307
											3.07894	-1.42216	12.70842
											-0.89543	-0.21548	14.48492
											-0.94810	-0.38307	4.31914
											2.56180	-0.05746	12.17212
											0.34477	-0.07661	12.09551
											-0.62249	0.08140	10.83137
											1.29287	0.55067	11.71722
											-0.64643	-0.31603	8.22169
											2.40857	-0.80924	13.81454
											-1.59933	-1.01514	6.83784
											-0.09098	-1.32160	9.94073
											2.27928	-0.98162	14.09227
											-2.52349	-0.38786	7.40766
											1.33118	-0.27294	12.18170
>	11:19:35	51.134502	17.051513	112.70	16	22	25	0.01	6.60	37.50	3.85945	0.16281	19.94370
											-5.29597	0.41180	2.77727
											3.48117	-0.25857	10.92235
											-1.28808	0.58419	14.74349
											1.29766	-1.33596	8.11156
											-0.08140	-0.25379	7.33583
											4.68785	-0.69432	16.20875
											-0.09577	-0.10056	12.76110
											-2.53785	0.13408	-0.37350
											4.59687	-1.31681	20.08735
											-0.00958	-2.44209	11.20486
											-0.20111	-0.62249	3.23217
											1.12527	0.02873	15.24628
											-1.01993	-0.90980	8.95431
											1.10612	-1.93930	10.61110
											-0.01437	-1.22583	8.64307
											-1.20668	-0.01437	6.70376
											2.80600	-0.07183	19.61809
											-4.32393	-0.05746	2.50433
											1.26893	-2.28886	11.76032
											2.62883	-0.78051	5.74608
											3.45723	0.90022	17.81765
											1.01514	1.42694	9.74440
											-1.25935	-0.49799	6.24408
											2.18351	0.14365	11.58315
											3.22260	0.50757	14.21198
>	11:19:36	51.134516	17.051445	112.80	16	24	26	0.01	6.60	37.60	0.07661	-1.30723	8.81066
											1.81959	-0.63686	8.03494
											-0.55545	-0.24421	14.11142
											-1.48919	0.80445	-1.44131
											5.72693	-0.31125	20.36508
											-0.63686	-1.48919	6.34463
											0.86670	-1.54665	11.42034
											-0.92895	-1.69988	12.89517
											-0.71826	0.30167	6.57927
											-1.09176	0.80445	11.93270
											2.79643	0.41659	10.31422
											-0.98162	0.00479	10.80743
											2.79164	1.43173	10.70687
											-0.78051	0.42617	11.60709
											-0.47884	0.45011	9.44273
											2.40378	0.92895	11.62624
											-5.82749	-9.12191	-5.82749
											2.85868	0.60813	16.64928
											-4.44843	1.34554	0.27773
											4.04620	-0.90501	13.97735
											-4.64954	0.61292	8.99262
											-0.23942	-1.06781	2.93050
											2.45166	-0.41180	18.09538
											-0.34955	-0.88585	6.77080
											1.06781	-1.23541	7.76679
											2.47082	-0.69432	17.97567
>	11:19:37	51.134523	17.051387	112.50	16	24	26	0.01	6.60	37.60	-1.58975	-2.48997	12.83771
											-1.69031	-0.19154	9.09797
											1.27372	-0.05746	11.12825
											-2.85868	-0.22505	7.20176
											2.01592	0.87149	15.84483
											0.38307	1.88184	11.41077
											0.39744	0.79966	5.97593
											4.19943	0.56503	10.86489
											2.31759	-1.05345	17.55429
											0.14844	0.09098	13.60385
											-2.33674	-0.79487	-7.21612
											3.69186	-1.22583	14.84405
											0.64165	0.36871	16.28057
											1.27850	-0.78051	7.77637
											-0.09098	-1.33596	12.53604
											-1.42694	-1.49877	6.63673
											-0.26336	-1.32639	14.63336
											-0.72305	-1.17795	12.40197
											0.01437	0.20111	9.27035
											1.91057	0.92416	7.36935
											3.78763	0.95768	13.01967
											-2.05901	1.12527	7.55610
											-0.34955	1.04387	11.31979
											-0.32561	0.39744	8.37971
											0.21548	0.51715	12.97178
											1.74298	1.23541	7.66623
>	11:19:38	51.134530	17.051323	112.60	16	24	26	0.01	6.60	37.70	0.17717	2.04944	8.74841
											1.38385	2.23618	12.97178
											-1.35991	1.79086	6.74207
											2.19309	0.33040	15.88313
											-3.07894	0.24900	0.67516
											1.81002	-1.02951	11.27669
											2.61926	-0.74220	11.94228
											0.98162	0.29688	10.01734
											-0.17717	-0.33040	13.33570
											-0.42138	-0.48363	13.08671
											-3.47638	-0.42617	1.92015
											1.73340	-0.38786	13.95820
											0.37828	0.55545	11.88482
											-0.98162	-0.15802	9.74919
											2.31759	-0.49321	11.04206
											1.14922	-0.99599	12.46900
											-0.21548	-1.24020	8.19775
											0.68953	-1.12049	12.11466
											-0.02873	-0.86670	10.17536
											1.58975	-1.36948	9.88805
											-0.86670	-1.47483	8.00621
											2.18830	-1.25456	13.88158
											-0.77572	-0.86191	6.48350
											-0.22027	-1.88663	9.38048
											1.41737	-0.67516	11.67892
											-0.20111	0.25379	9.15543
>	11:19:38	51.134530	17.051323	112.20	17	25	29	0.01	6.60	37.70	-1.01993	-0.65601	-0.22984
											2.40378	-0.52194	18.93814
											-1.47483	-0.93853	4.83150
											1.34075	-0.50278	17.75540
											-2.73418	-0.07661	4.80277
											3.07894	-1.24498	10.96544
											-0.37350	-0.39744	9.92636
											0.60813	-0.41659	12.16733
											0.92895	0.34477	11.59751
											1.75734	0.56024	9.85453
											-0.35913	-0.48842	10.93671
											0.88585	-0.33519	10.64941
											0.79487	-1.43652	11.88961
											0.66080	-2.80122	11.00375
											-0.33040	-1.05824	8.84897
											-2.16436	-1.02951	9.44273
											0.90022	0.86191	12.03326
											-0.41659	0.34955	8.13550
											0.90501	1.17795	11.35809
											0.50278	1.31202	9.20331
											0.00479	0.56024	10.52491
											3.07416	0.77093	11.42513
											-1.25456	0.61770	8.08282
											2.02071	-0.11971	13.19684
											0.03831	0.41180	5.33428
											-0.94332	0.29209	10.73081
>	11:19:40	51.134551	17.051213	111.70	17	25	29	0.01	6.50	37.80	0.69432	1.09176	11.35809
											1.06303	-0.57940	6.48829
											2.34632	-0.68953	11.51611
											1.59454	-1.07739	16.76899
											-2.06859	-0.79487	5.54018
											1.37427	-1.70946	11.01812
											-0.26336	-0.50278	13.31655
											-1.78129	-0.43574	8.73405
											-0.11492	-1.48441	9.98861
											-0.39744	-0.32082	8.32703
											0.79966	-0.24900	11.89918
											-1.85311	0.31125	6.16268
											1.87227	0.62249	16.54872
											-1.11091	1.13964	7.67581
											2.82037	0.18196	12.79461
											-0.13886	-0.01437	10.07001
											0.57461	-0.92895	11.63582
											2.85868	-0.63686	14.59505
											-1.46046	-0.11971	3.96959
											1.69031	-0.56982	12.34929
											-2.75333	0.43574	9.14585
											2.96402	-0.35434	13.31176
											-3.00712	0.10056	6.34463
											-0.56982	0.07661	13.33092
											0.14365	-0.61770	11.15219
											0.53151	-0.52672	11.38204
>	11:19:40	51.134551	17.051213	111.40	17	25	29	0.01	6.50	37.80	2.48518	-0.41659	14.08748
											-1.36469	-0.92895	11.79863
											-0.42617	-1.29287	7.32626
											0.44532	-0.22984	10.23761
											-0.33998	2.22182	9.54808
											0.97683	0.65122	12.05720
											0.26815	0.77572	7.59441
											2.06859	-0.24421	10.46745
											2.68629	-0.10056	8.71011
											-0.81882	0.24900	11.11388
											0.50278	0.41659	10.41478
											1.62806	-0.05267	9.10275
											-0.82361	-0.52194	10.73560
											0.56024	0.21548	9.17458
											0.16281	1.29766	14.15452
											-0.85712	0.51715	7.20655
											0.43574	-0.51715	10.87925
											0.90980	-0.57461	11.85130
											-0.31125	-1.17795	11.65019
											-1.66158	-1.77650	5.66468
											4.69742	-1.08697	14.85363
											-1.35512	-1.10133	8.41323
											0.45969	-0.75657	10.85531
											1.17795	-0.93853	9.88326
											3.72059	-0.49321	15.11220
											-0.94332	-1.31681	11.39640
>	11:19:41	51.134554	17.051138	111.10	16	26	29	0.01	6.50	37.80	3.06937	0.29688	11.68849
											3.39977	-1.04387	15.68681
											-3.56736	0.32561	3.14119
											2.47082	-0.81403	11.55442
											2.12605	-0.18675	14.55196
											-2.15478	0.80445	3.96480
											3.11725	0.03352	15.01643
											-1.78129	-0.06225	9.66300
											-0.40223	-0.96726	9.74440
											0.38786	-0.64643	12.59350
											0.31603	-0.23942	12.39718
											-2.94487	0.87628	6.75165
											2.28886	0.29688	8.83939
											1.66158	-0.39265	9.07402
											0.49321	-0.43096	12.44985
											1.24498	0.47884	11.64540
											-1.25935	0.79966	7.81467
											0.29688	0.44532	14.01087
											-2.96881	1.02951	2.19309
											2.65756	-0.21069	15.52400
											-1.82438	-0.03831	6.87615
											4.29041	-0.05746	19.30684
											-2.97839	1.14443	9.12670
											-0.12929	0.59855	4.29999
											1.77650	-0.17717	15.00207
											0.48363	0.91459	6.99586
>	11:19:42	51.134558	17.051067	110.80	16	26	29	0.01	6.50	37.90	2.86825	-0.52194	20.36029
											-4.41491	-0.49321	-3.65834
											3.34709	-0.11971	14.62378
											-0.09577	0.17717	11.49217
											0.01915	0.60813	11.78426
											0.45969	1.29287	12.13860
											0.42138	-0.67038	5.38695
											2.79164	-0.89543	13.40753
											-1.52750	-0.97205	11.92791
											-0.69911	-1.17795	6.58405
											3.74932	-0.45490	14.20719
											2.55701	-0.87628	11.14261
											-2.22661	-1.81480	10.80264
											1.00078	-1.62806	9.96467
											-3.10289	-0.05746	8.01100
											2.26013	0.87628	12.47858
											-0.55545	0.38307	10.06522
											-0.15323	1.16358	10.51533
											1.35033	1.48441	10.71645
											-1.04387	1.89142	9.59117
											0.23942	1.54187	9.16022
											2.77249	1.06781	12.88081
											0.87628	1.12527	9.02614
											-1.31202	1.09176	10.66377
											3.12204	0.20111	8.96389
											0.00000	0.54588	9.96946
>	11:19:43	51.134565	17.051026	110.60	16	26	29	0.01	6.50	37.90	0.40701	-1.01035	12.62223
											-0.21548	-2.02071	12.75631
											-0.03352	-0.81403	3.45244
											2.86347	-0.69911	15.45697
											0.46926	-0.31125	9.68215
											0.44053	-0.63207	7.28795
											0.30167	-0.77572	11.35809
											-0.33040	0.66080	5.81791
											-0.86191	1.62806	16.79293
											-0.85234	1.36948	7.80031
											1.17795	1.58496	8.02536
											1.64242	1.19710	11.99016
											0.09577	0.75178	12.77546
											0.38307	0.14844	8.87291
											1.68552	-0.23463	10.68772
											1.15401	0.23942	12.94305
											0.15802	-0.04310	10.48660
											1.15401	-0.93853	9.60075
											-0.55067	-0.72305	8.72926
											-0.03831	-0.11492	8.68616
											-0.51715	-0.25857	13.59428
											-0.63686	-0.65122	6.87615
											0.83318	-0.48363	14.43225
											-1.93451	-0.56024	2.71502
											2.33195	-0.61770	15.17924
											1.43652	-0.76136	9.66300
>	11:19:44	51.134576	17.050983	110.50	17	26	29	0.01	6.50	38.00	2.63362	-1.49398	23.87019
											-1.92973	-0.87149	2.92571
											4.41970	-0.33998	17.99482
											-4.01268	-0.69432	7.81467
											1.22104	-0.59376	3.87382
											3.79720	-0.08619	17.19037
											-1.96325	0.78530	3.75890
											1.56102	0.03352	13.13938
											3.32794	0.21069	6.09085
											-0.18675	-0.92416	13.10586
											-1.53708	-0.09098	8.71011
											0.30167	0.40701	7.57047
											0.28252	0.40223	12.58392
											0.23463	0.06225	6.80911
											-1.06781	-0.05746	12.22001
											0.15323	-0.22505	10.15141
											1.50356	-0.06704	14.25987
											-0.88585	-0.22027	9.89763
											0.76136	-0.51236	7.39808
											-0.15323	-0.31603	13.65653
											1.74298	-0.11492	11.41555
											-0.09098	-0.12929	9.73004
											1.15401	-0.81403	7.30232
											0.82361	-0.09577	11.89918
											0.60334	-0.44053	11.89439
											-0.26336	-0.48842	9.37569
>	11:19:45	51.134592	17.050927	110.30	17	26	29	0.01	6.50	38.00	0.11971	0.71347	9.46667
											0.69911	0.35913	10.89362
											0.92416	-0.61770	8.98304
											0.74220	-0.75657	10.22803
											3.59130	-0.67995	14.47534
											-1.23541	-0.33040	9.14585
											-1.13964	1.18752	7.42203
											0.62249	1.54665	13.19205
											-0.98641	1.32160	7.55610
											1.82917	0.74699	15.49049
											-3.23696	-0.01437	2.24576
											1.53708	0.44532	14.09706
											0.16759	-0.85234	8.80109
											1.59933	-1.24977	12.80419
											-1.75734	-2.11169	9.67736
											1.90578	-0.81882	11.36288
											-0.09577	-0.04310	8.20253
											0.25379	-0.61770	11.68370
											-0.25379	-0.68953	5.15232
											2.81558	-1.37906	14.91109
											-1.22583	-0.80924	8.61913
											0.67516	-0.86191	10.19451
											-0.41659	-0.13886	9.41879
											1.30245	0.23942	12.10508
											0.41180	-0.35913	11.31979
											-0.81403	-0.59855	7.91523
>	11:19:46	51.134606	17.050855	110.00	17	26	29	0.01	6.50	38.00	0.53151	0.18675	7.30232
											-0.22505	0.38786	11.84651
											-1.20189	-0.11013	9.28471
											1.50356	-0.43574	12.81377
											-2.59531	-0.48842	9.56244
											2.98796	-0.71347	13.63737
											0.44053	-0.99599	11.75553
											-0.09577	-1.67594	8.74362
											2.64320	-0.73263	10.69729
											1.95367	-0.81882	15.34204
											-3.03106	-2.25534	-0.90022
											0.08140	-2.14042	7.78116
											1.93451	0.44053	15.79215
											-1.00078	1.96803	3.94564
											2.71502	1.34075	14.94461
											-1.43652	1.07260	9.77792
											-0.36871	2.16915	11.96622
											1.12049	3.26090	12.83292
											0.08140	1.92015	7.85298
											3.45244	1.04387	10.12268
											2.12605	0.61292	18.18636
											-3.15077	1.33596	1.16358
											0.10534	-0.74699	6.58405
											0.84755	-1.23062	14.63815
											0.53630	-0.08140	11.31500
											-2.02549	-0.36871	6.46913
>	11:19:47	51.134619	17.050799	109.80	19	26	29	0.01	6.50	38.10	0.68474	-2.31280	7.13951
											1.66158	-1.41258	11.01812
											-0.34477	-0.95768	9.04051
											2.60010	-0.22505	11.89918
											-0.33998	-0.55545	8.50420
											1.96803	-0.90501	10.58237
											-0.58897	-0.74220	8.76278
											-1.67594	-1.24977	10.37647
											3.42371	-0.76614	14.84405
											0.09098	-1.41258	7.37893
											-1.43173	-0.80445	8.90164
											1.60890	-0.93374	15.98848
											-0.40223	-0.79009	9.47146
											-0.58419	-0.04310	6.59363
											2.08296	0.11971	11.65497
											1.49877	0.09577	14.82969
											0.34955	0.49799	4.75488
											1.09654	0.24900	11.46823
											-0.00958	0.06704	12.71321
											1.94888	0.82361	11.58794
											-2.01113	1.32639	3.79720
											0.10534	0.63207	14.88715
											-0.13408	-0.23942	5.68384
											-1.06303	-0.36871	9.93115
											1.88663	0.53151	12.46900
											-2.48039	-0.04310	8.08761
>	11:19:48	51.134632	17.050753	109.70	19	26	29	0.01	6.50	38.10	1.60890	-1.60890	8.75320
											1.84354	-0.64165	14.75786
											-2.94966	-0.02873	3.92649
											1.26414	-0.92895	16.63491
											-0.77093	-0.50278	5.68384
											-0.79487	-0.98641	9.93594
											1.43173	1.06781	14.11621
											-1.15879	0.82361	6.73728
											2.15957	0.53630	10.56322
											2.34632	0.13886	11.27669
											-0.16759	0.38307	8.15465
											3.32315	1.01035	16.75462
											-0.22984	0.95289	4.82192
											-1.27372	0.55067	6.92403
											3.89297	0.62249	17.64527
											-3.81157	0.87628	8.18338
											3.09810	-0.02394	14.04918
											-1.64721	-0.04310	8.32703
											-0.55067	-1.19231	8.67180
											1.56102	0.45969	17.47767
											-4.41970	0.00000	0.01915
											1.63285	-0.73741	12.58871
											3.54821	-0.76136	11.03727
											-1.09176	-0.56982	10.71166
											0.80445	-0.81882	9.98382
											2.99275	-1.06303	14.17367
>	11:19:49	51.134650	17.050712	109.90	19	26	29	0.01	6.50	38.20	-0.98641	0.22984	7.63272
											-0.53151	0.13886	12.19127
											0.63686	0.32561	10.57758
											-0.60334	-0.47884	9.43794
											2.03028	-0.67516	12.68448
											-0.54109	-0.31603	2.49955
											2.07338	-0.71347	11.90876
											1.93930	-0.56503	12.54083
											0.39265	-0.68474	10.07959
											0.44053	-0.03831	8.74841
											2.61447	0.14365	12.73236
											-2.64799	-0.08140	11.08515
											-0.84276	-0.89064	9.21768
											0.44053	-0.68953	12.63181
											0.76136	-1.16837	11.18571
											-1.31681	-0.41659	9.41400
											0.08140	-0.58897	8.37013
											-1.31202	-0.11492	11.36288
											1.34075	-0.18675	9.51456
											1.90578	0.31603	13.06276
											0.82839	-0.50757	12.30620
											1.16358	-0.91937	9.90242
											-3.48596	-0.35434	3.98874
											2.42293	-0.23942	15.22233
											0.77093	0.56024	10.84573
											-0.33040	-0.26815	6.58884
>	11:19:50	51.134656	17.050643	109.90	19	26	29	0.01	6.50	38.20	3.42850	0.95289	16.10340
											-0.61292	1.13964	4.93206
											0.34955	-0.01915	12.65096
											0.12929	-0.22984	10.32859
											-1.40300	-0.91937	5.77960
											1.93930	-0.17238	16.33324
											0.43574	-0.69911	6.41167
											-0.11971	-0.76614	8.31267
											1.71425	-0.92895	15.04037
											1.64242	-0.22984	13.38359
											-1.09654	-0.55545	4.83629
											1.31202	-0.48842	7.10120
											1.09176	-0.41180	13.13938
											1.01514	-0.70868	14.17846
											1.24977	-0.68953	9.51456
											-2.74376	-1.72383	9.51935
											0.57940	-0.12929	8.98304
											-0.79009	-0.40223	12.42591
											-1.87705	-0.84755	11.31979
											2.06380	-1.04387	9.13627
											0.79487	-0.58419	12.32535
											-0.13886	0.48842	6.81390
											0.89064	0.03352	15.98848
											0.45011	-0.81403	3.84509
											2.63841	-0.00958	14.21677
											-2.00155	0.70390	10.71645
>	11:19:51	51.134664	17.050590	109.70	19	26	29	0.01	6.50	38.30	-1.24977	-1.08697	9.52892
											-1.33118	-0.90022	10.07959
											0.11013	-1.03908	10.15620
											2.03986	-0.09098	10.20409
											0.35913	-0.68953	12.42591
											-0.34477	-1.16837	6.96713
											1.59933	-0.83318	13.26388
											1.95367	-0.97205	8.39407
											0.21548	-0.65601	10.46745
											-0.08619	0.22984	13.16811
											-1.11091	0.71826	10.04607
											-0.84755	1.16358	6.43561
											0.67995	1.16358	12.97178
											0.71347	-0.15802	10.63983
											1.00078	-1.27372	10.93671
											0.14844	-1.16358	9.71567
											0.09098	-0.72305	10.14663
											1.04387	-0.37350	15.21276
											-0.99120	0.37350	4.07972
											-0.23942	0.64165	6.53617
											4.14197	-0.13408	19.22544
											-2.26491	-1.00556	4.18028
											1.71425	-1.29287	11.04206
											-0.90501	-0.89543	9.38527
											0.85712	-0.15802	9.08360
											-1.89621	0.42617	12.56956
>	11:19:52	51.134678	17.050551	109.50	19	26	29	0.01	6.50	38.30	2.18830	-0.87628	11.49217
											3.46202	-0.82361	14.36521
											-6.35421	1.91536	-0.75178
											4.07972	2.80122	19.25417
											-1.45089	0.49321	6.23929
											0.39744	-0.88585	10.64941
											0.17238	-0.22027	11.46823
											-1.67115	-0.21069	5.33428
											1.52750	0.57940	10.93192
											2.56658	0.98641	11.99974
											0.17717	0.69432	13.46020
											-1.44610	0.75657	2.63362
											3.86903	0.64643	15.66287
											-0.56982	0.94810	11.90397
											-0.81882	0.76614	4.36224
											2.90177	-0.41180	14.89193
											-0.26336	-0.14365	13.09149
											-1.47483	0.11492	3.85945
											0.46926	0.24900	15.72991
											-1.35512	0.58897	5.60722
											1.53708	-0.22505	11.12825
											0.43574	-1.38864	10.96544
											1.60412	-2.12126	10.23282
											0.09098	-1.21625	10.60631
											-0.57461	-1.13964	11.13304
											0.56024	-0.72305	8.50899
>	11:19:53	51.134689	17.050502	109.60	17	26	29	0.01	6.50	38.40	-0.05746	-0.15802	12.79940
											-0.11013	0.85712	12.16733
											0.68474	-0.36392	10.56322
											0.59376	-0.97205	6.33506
											1.41737	-0.27773	10.61589
											2.24097	-0.18196	13.99171
											0.95768	0.29209	7.28316
											2.51391	0.03831	12.03326
											-0.96247	-0.56503	7.90565
											-1.54187	-0.33998	9.54329
											1.07260	0.84276	15.84483
											-2.77249	0.11013	7.26880
											0.60334	-1.22104	9.01178
											1.61848	-0.79966	12.64617
											-0.60334	-0.51715	12.20564
											-0.12450	-0.47405	9.85453
											1.64242	-0.94332	9.56723
											0.13886	-2.28407	13.15374
											1.28808	-1.25456	9.58638
											1.89142	-0.54588	9.35654
											-1.34075	-2.20267	9.06445
											-0.24421	-2.94008	6.41167
											2.68629	-1.02472	15.58146
											-2.38941	-0.36871	1.91536
											3.03106	0.60813	20.46564
											-1.89142	0.34477	6.22971
>	11:19:54	51.134703	17.050464	110.10	17	26	29	0.01	6.50	38.40	0.00479	0.20590	7.85777
											3.17950	-0.17238	13.93904
											-1.94888	-0.36392	7.87214
											-0.87149	-0.34955	1.87705
											2.50912	1.35512	18.06665
											-0.58419	1.24498	9.13627
											-1.00556	0.80445	12.80898
											-1.27850	0.66080	4.69264
											2.00155	0.43096	12.33493
											1.76692	-0.24421	9.55287
											-1.18752	-0.41180	10.86968
											0.22505	-1.15879	11.72201
											2.08774	-0.90980	13.12980
											-0.61770	0.02873	4.67827
											1.39343	1.01993	16.31888
											-0.70390	0.40223	8.26478
											1.34554	-1.23062	11.85609
											-0.79966	-1.34554	8.16902
											-0.47405	-0.98641	10.13226
											1.51314	-0.21069	14.30775
											-1.26414	-0.41659	9.08839
											1.15401	-0.59855	12.65575
											-1.85311	-0.12450	4.29520
											2.56658	1.15879	19.46007
											-2.82516	1.24020	4.52983
											0.83318	0.10056	12.47858
>	11:19:55	51.134708	17.050423	110.40	19	28	30	0.01	6.50	38.60	0.61770	-0.97205	10.87446
											0.69911	-0.46448	13.99171
											-1.04866	-0.15323	6.51223
											1.81480	0.15323	10.29028
											-0.06704	-0.09098	11.20486
											-0.42138	0.10534	8.21211
											1.69031	-0.07661	10.24718
											0.13886	-0.06225	11.15219
											1.65679	-0.21548	9.09797
											-1.38864	0.33998	12.69406
											0.21069	-0.45011	11.80341
											0.15323	-0.92416	8.80109
											2.62405	-0.81403	11.57357
											-0.86670	-0.43096	10.94629
											1.32160	0.22505	9.60554
											0.77093	0.65122	10.07480
											-0.72305	-0.28252	8.07325
											1.08697	-0.02873	12.58392
											-1.70467	0.85234	10.96066
											-0.38307	0.15323	11.65976
											-1.22583	-0.03352	11.95185
											1.16837	-0.15323	8.00621
											-0.01437	0.25379	11.96622
											0.54588	-0.07183	10.99896
											0.04310	-0.29209	8.30309
											2.45645	-0.79009	11.71722
>	11:19:57	51.134718	17.050272	111.00	19	28	30	0.01	6.40	38.60	0.47405	-1.14922	13.22557
											-0.80445	-0.75178	7.89129
											-0.66559	-0.39744	10.19930
											1.06303	0.67995	11.79384
											0.81403	0.76136	11.47780
											0.23942	0.52194	10.67814
											-1.24977	0.75178	9.56723
											0.73741	-0.10534	12.36845
											1.41737	0.32561	8.69574
											1.08218	0.31603	12.51689
											-2.69587	-0.34955	6.82347
											2.56180	-0.95289	12.55998
											0.85712	-0.53630	13.07713
											-2.62405	-0.93374	5.87058
											1.07260	-0.78051	10.17536
											-0.15802	0.17717	13.69483
											-0.15802	-0.08619	10.79785
											0.46448	-0.49321	7.31668
											0.41180	-0.45490	10.26634
											2.89220	-0.33998	12.62702
											-0.60334	-0.50278	10.68293
											0.63207	-0.55545	6.08606
											1.37906	0.13408	12.10030
											0.89543	0.80445	11.65019
											-1.74777	0.52672	7.53695
											0.95768	-1.29766	12.48816
>	11:19:58	51.134730	17.050226	111.10	19	27	30	0.01	6.40	38.70	-1.07739	0.65122	10.16099
											1.80044	-0.02873	10.14663
											-1.79565	0.22984	8.05888
											1.70467	1.05345	12.34929
											0.72784	0.60334	9.00220
											1.49398	0.30167	10.46266
											-1.77171	0.52194	8.80109
											-0.19154	0.29209	11.17134
											-0.58897	0.19154	10.25197
											0.40223	0.13886	10.10832
											0.90501	-0.68474	8.80109
											1.50835	-0.48363	12.19127
											-0.06225	-1.10133	10.71645
											0.21548	-0.74220	9.04529
											-1.24498	-0.67038	9.72525
											0.92416	-0.17238	10.15141
											1.60412	-0.32561	12.27747
											0.90980	-0.06704	10.91277
											0.02873	-0.64643	7.08205
											0.99599	-1.40779	12.84250
											-1.06303	-0.91937	6.76123
											2.05901	-0.20111	13.06276
											-2.02071	0.06225	4.92727
											1.68073	-0.04788	13.59907
											0.50278	-0.14365	12.47858
											-2.19788	0.15323	5.48272
>	11:19:59	51.134744	17.050166	111.10	19	27	31	0.01	6.40	38.80	-2.76770	-0.09577	3.67271
											3.51948	-0.74220	16.17044
											-2.67193	-0.92416	4.20422
											0.73263	-0.87149	12.30141
											0.14844	-0.33519	12.85207
											-0.52194	-0.55545	6.27760
											2.65756	0.01437	16.47690
											0.93374	-0.43574	9.39006
											-2.27449	0.33998	5.22415
											1.91057	0.88585	14.54717
											-0.52672	-0.27773	5.35344
											1.69031	-1.46046	13.94862
											-0.79487	-1.70467	10.41478
											-0.37828	-2.48997	5.38217
											-1.47004	-0.82361	10.96544
											0.05746	0.11492	6.64630
											3.26569	0.14365	11.22402
											1.46525	0.28730	11.80341
											0.53630	0.10056	10.50097
											1.96803	0.10534	12.09551
											-0.24421	0.48363	9.22725
											-1.49398	1.07260	11.42034
											2.94487	1.13964	10.34295
											-0.38307	1.00078	9.71088
											0.12929	0.78051	11.87045
											-3.32794	0.52672	5.53539
