>	11:25:01	51.132269	17.036824	109.30	19	28	30	0.01	5.20	41.50	1.67115	-0.64643	12.06199
											2.70066	-0.44053	13.05798
											0.00958	-0.27773	9.77792
											0.60813	-0.28252	8.91601
											-0.92416	-1.17316	10.94629
											-0.63686	-0.96726	9.80186
											-0.42138	-1.01514	9.43316
											-0.59855	-0.81882	8.74362
											0.99599	-0.58419	10.68772
											0.36871	-0.07661	11.65976
											1.03908	0.20590	10.19451
											0.45490	0.27294	11.60709
											1.64242	0.39744	9.19373
											1.05824	0.20590	11.00375
											0.29688	-0.11971	9.53371
											0.38307	-0.05746	9.19373
											-0.64165	0.42617	11.29584
											-0.41180	0.71347	9.44752
											0.05267	0.29688	12.50731
											-0.03352	-0.40223	8.80587
											0.29209	-0.42138	12.57435
											-0.42138	-0.08619	9.05966
											0.50278	0.03831	9.73004
											1.35033	-0.47405	11.49696
											0.39265	-0.49799	7.61356
											1.13964	-0.34955	13.29740
>	11:25:02	51.132236	17.036849	109.40	19	28	30	0.01	5.20	41.50	-0.04788	0.03831	12.00453
											-0.41180	-0.31603	10.59674
											-0.52194	-0.33519	8.59518
											2.71024	-0.48842	14.75786
											0.59855	-0.57461	10.64941
											0.14844	-0.57940	9.64863
											1.37906	-0.82361	13.29261
											-5.82749	-9.12191	-5.82749
											-1.60890	-0.62728	5.42526
											1.06303	-0.51236	11.54963
											1.50835	-0.24900	10.80743
											-1.71904	-0.20590	8.41801
											1.47962	-0.38786	9.69173
											0.63207	0.13886	8.88249
											0.67995	0.29688	12.12424
											0.77093	0.24900	10.26155
											1.03908	0.23463	12.17691
											-0.59855	-0.03831	10.47703
											-0.03831	-0.07183	9.48104
											0.94332	0.17717	10.22324
											0.48363	0.07183	10.60153
											0.94332	-0.85712	12.76588
											-0.91937	-0.92416	8.15465
											-0.29209	-1.02472	9.95509
											0.71347	-0.87628	12.08593
											0.37350	-0.80924	10.90798
>	11:25:03	51.132199	17.036873	109.40	19	28	30	0.01	5.20	41.50	-0.23942	0.32082	9.68215
											0.25857	0.25379	11.41077
											0.61292	0.65122	9.27035
											1.32639	1.18752	11.79863
											-1.25935	1.00078	9.23683
											-0.71826	0.46926	7.74285
											1.26893	0.33040	13.32613
											-1.35033	0.48363	10.49618
											1.31681	-0.30167	8.66701
											1.35033	-0.34955	8.56167
											1.40779	-0.57940	10.47224
											0.99120	-0.97205	13.67089
											0.29209	-0.93374	7.63750
											-0.10056	-1.24977	8.28873
											0.22505	-1.47004	12.90475
											1.01035	-1.11570	10.24718
											-0.70868	-0.68953	7.12514
											0.14844	-0.10056	11.52569
											0.26336	0.34477	13.91510
											-0.90022	0.61770	11.07079
											0.38307	0.82361	9.86890
											0.93853	0.75178	10.22803
											1.17316	0.41659	9.37569
											2.74376	0.24900	9.72046
											-0.22027	-0.02394	10.82179
											0.50278	-0.72784	11.42034
>	11:25:04	51.132163	17.036897	109.00	19	28	30	0.01	5.20	41.50	0.25857	0.06225	10.49618
											1.09176	-0.46926	10.60153
											1.44131	-0.76136	11.37725
											0.80445	-0.97205	10.54406
											0.53151	-1.04387	9.02135
											-0.19632	-0.90980	8.86812
											0.02873	-0.73741	10.55843
											0.23463	-0.52672	11.40598
											-0.04310	-0.26815	10.34774
											-0.26336	-0.41659	10.91277
											0.17717	-0.69432	10.71645
											1.50835	-0.54109	10.49618
											1.68552	-0.22027	10.20888
											1.39821	-0.27294	12.49294
											-0.93853	0.13886	8.10198
											0.26815	0.28730	9.51456
											0.35913	0.78051	12.11466
											0.21548	1.05345	10.18493
											-0.38786	0.62249	9.07881
											0.03352	0.38786	11.11388
											0.62249	0.42617	9.50498
											1.22104	0.66559	10.85531
											0.90022	0.10056	10.46745
											0.59855	-0.78530	10.05086
											0.23463	-0.98641	9.30866
											0.64165	-0.57461	10.11311
>	11:25:05	51.132120	17.036922	108.50	19	28	30	0.01	5.20	41.60	0.80445	-0.17717	12.11466
											0.82839	-0.09098	10.71166
											-0.16759	-0.35434	10.99896
											0.11492	-0.32561	9.13627
											0.64643	-0.19632	11.12346
											0.01915	0.05267	8.22169
											1.42216	-0.17238	11.31021
											0.15323	-0.26336	10.93671
											0.60813	-0.30646	10.92235
											0.31125	-0.37350	9.75398
											0.92895	-0.50757	11.20486
											0.00000	-0.27294	12.08114
											-0.43574	0.11971	8.65265
											0.49321	0.23463	10.23282
											0.22505	0.04310	10.90798
											1.24977	-0.30167	10.11311
											1.13964	-0.96726	10.67814
											0.50278	-1.09654	12.21043
											-0.58897	-0.78051	10.29986
											-0.02873	-0.51236	10.91756
											-0.79487	-0.75657	10.74997
											-0.29209	-0.77572	9.60554
											0.62249	-0.47405	9.09318
											1.57060	-0.39744	12.94784
											0.93853	0.02394	9.27035
											1.28329	0.25857	10.28070
>	11:25:06	51.132077	17.036946	108.80	19	27	28	0.01	5.20	41.60	0.37350	-0.16281	8.75320
											1.36469	-0.05746	11.58315
											0.92895	0.18675	10.07480
											1.13006	0.08619	9.26077
											0.50757	-0.52672	12.37802
											-0.12929	-0.58419	10.48182
											-0.28730	-0.43096	9.29429
											0.42138	-0.43096	11.08994
											0.20590	-0.71826	10.92235
											-0.45969	-0.60813	8.65265
											0.46448	-0.45011	9.84496
											0.49799	-0.11492	10.69729
											0.31603	-0.08619	10.27112
											0.83797	0.07661	10.18972
											2.06380	0.43574	8.65265
											1.40300	0.12929	10.87446
											0.01915	-0.24900	10.07001
											1.13006	0.03352	11.25754
											-0.20111	0.13886	11.55921
											-0.66080	0.28730	9.45231
											0.28252	0.24900	10.77391
											0.81403	-0.26336	10.99417
											0.82361	-0.83318	10.52491
											-0.02394	-0.85712	7.93438
											1.47483	-0.52672	10.22803
											0.68474	-0.57461	11.73159
>	11:25:06	51.132077	17.036946	108.80	19	27	28	0.01	5.20	41.60	1.03430	-0.36871	10.36689
											0.13408	-0.13408	10.26634
											0.41180	0.13408	9.59596
											0.85234	0.11971	9.32302
											0.84276	0.01437	11.24796
											0.63207	-0.33040	11.06121
											0.35913	-0.00958	9.45710
											0.74699	0.27294	9.25598
											1.11570	0.47405	10.47224
											1.06303	0.28730	10.62547
											0.58419	0.16281	10.77870
											0.18196	0.23463	8.42759
											1.06781	0.29209	11.70765
											0.20111	0.13408	10.67335
											-0.07661	-0.10534	9.55765
											-0.27773	-0.21548	12.16254
											0.36392	-0.05746	11.16177
											0.09098	-0.05746	9.81623
											1.08697	-0.06225	10.51055
											1.10612	-0.34955	11.09952
											0.14844	-0.33998	9.12670
											0.55545	-0.20590	9.51935
											0.47405	-0.02873	10.39562
											1.07739	-0.09098	11.81299
											-0.45490	-0.19154	9.65821
											0.88585	-0.15323	9.51935
>	11:25:08	51.131985	17.036980	109.40	19	27	28	0.01	5.20	41.60	0.29688	-0.57940	12.69406
											-0.58419	-0.92895	9.80665
											0.17238	-0.79009	9.22246
											0.44532	-0.41180	10.77870
											0.56503	-0.18196	10.15620
											0.45490	-0.18675	7.90087
											1.74298	-0.23942	10.99896
											0.38786	-0.52194	11.76990
											-0.30646	-0.25857	8.66222
											1.60412	0.29688	11.49696
											1.12049	0.32082	12.44027
											-0.05267	0.40223	8.26957
											0.27773	0.35913	9.87848
											0.96726	0.15802	10.22803
											-0.05267	-0.23942	11.10431
											-0.15802	-0.72305	9.44273
											1.15401	-0.84276	10.74997
											0.14844	-0.61770	11.58315
											0.35913	-0.34477	9.83538
											0.72784	-0.28730	9.75877
											1.37906	-0.34955	10.75954
											0.75178	-0.57461	12.28704
											-0.06704	-0.74699	9.57202
											0.06704	-0.31125	8.34140
											0.23942	-0.04788	9.50498
											0.97205	0.23463	10.04607
>	11:25:09	51.131956	17.036999	108.60	19	26	27	0.01	5.20	41.60	1.36469	-0.22984	10.19930
											0.42617	-0.38786	8.91601
											0.19632	-0.62249	11.90397
											-0.56503	-0.85234	9.81623
											0.13886	-0.57461	10.80264
											1.33596	-0.42138	10.75475
											1.19231	0.05267	11.38204
											0.13408	0.29688	9.39964
											-0.22984	0.06704	8.99741
											0.79966	-0.20111	12.01410
											0.67995	-0.06225	9.45710
											0.62728	0.17717	11.90397
											-0.21548	0.38786	10.27591
											0.55067	0.33040	9.18895
											1.41737	0.27773	8.28873
											1.51314	-0.03831	10.63026
											0.81403	-0.28730	11.77947
											0.21069	-0.35913	10.01255
											-0.14844	-0.24421	10.38605
											0.04310	0.07661	11.88961
											-0.20111	0.59376	8.23605
											0.40701	0.68953	9.08839
											1.31681	0.39265	10.45787
											0.79487	-0.13408	11.34852
											0.82839	-0.39265	10.80743
											-0.04788	-0.53151	11.17134
>	11:25:11	51.131909	17.037049	108.00	19	26	27	0.01	5.20	41.60	0.97683	0.14365	10.26155
											0.01915	0.05746	9.94073
											0.12929	-0.18675	9.27035
											0.77572	-0.34477	11.70765
											-0.08619	-0.45011	9.76355
											-0.78051	0.06704	5.58807
											2.49476	0.39744	13.15853
											1.19710	-0.00479	12.22001
											1.76213	-0.83318	4.27126
											0.39744	-0.76614	15.98848
											0.19154	-0.33519	9.60554
											0.20590	0.42617	11.68370
											0.71826	0.97683	10.40520
											-0.67995	0.37828	8.94474
											-1.31202	0.61292	8.33182
											2.54743	0.48363	8.86333
											-0.01915	0.49799	10.96544
											0.90501	-0.13408	10.40520
											1.29766	0.11013	10.12747
											1.92015	-0.76136	12.79461
											0.77572	0.09098	10.16578
											0.67995	0.28252	8.98304
											0.85234	-0.16281	11.54005
											0.74220	-0.32561	11.20008
											-1.81480	-0.02873	8.63349
											0.02394	0.18675	9.55287
>	11:25:12	51.131869	17.037073	104.00	18	23	26	0.01	5.20	41.60	1.66158	-0.57940	11.77947
											0.91937	-0.41180	9.55765
											0.56982	-0.53151	11.09952
											-0.65601	0.03352	8.67659
											0.09098	-0.38307	11.44428
											-0.35434	-0.12929	8.61434
											1.06303	-0.34477	12.21522
											0.85712	-0.34477	9.86890
											1.87227	0.07183	9.84496
											1.16358	-0.50757	9.95988
											1.60890	-2.18351	9.75398
											0.03831	-1.82917	11.46344
											-2.06859	-0.59376	9.85932
											-1.43652	-0.16281	8.29351
											1.09176	-0.19154	12.40197
											0.83797	0.67995	10.10353
											1.49877	0.86191	10.05086
											1.63285	-0.16281	11.62624
											-0.11013	-0.89543	11.52090
											-1.30245	-0.59376	7.33583
											0.41180	0.06704	10.63504
											0.45490	0.35434	11.56399
											0.38786	0.17717	10.08917
											-0.06704	-0.20111	10.66856
											-0.27294	-0.15802	11.75553
											0.25379	0.14844	9.69652
>	11:25:13	51.131837	17.037090	103.90	18	23	26	0.01	5.20	41.70	1.19231	-0.79009	11.53526
											-0.79009	-1.18752	10.41957
											-0.07661	-0.71826	9.45710
											0.31603	-0.48363	11.62624
											0.16759	0.27773	10.60153
											-0.80445	0.60334	10.71166
											-0.53630	0.43096	9.79707
											0.28252	0.45969	9.82102
											1.39343	0.35434	11.19529
											1.84832	0.32082	10.45787
											0.80445	0.55067	9.52892
											1.24498	0.53151	8.94953
											1.13006	0.16281	11.84172
											-1.21147	-0.21548	9.29908
											0.77093	-0.43574	11.71243
											-0.48842	-0.67038	12.68448
											-0.56503	-0.43574	12.40197
											-0.24421	0.09098	8.77714
											1.33118	0.00958	11.41555
											-0.15802	-0.41180	10.13705
											1.73340	-0.09098	9.34696
											1.34554	-0.14365	12.11466
											1.09654	-0.31125	11.10431
											-0.58897	-0.14365	8.65265
											0.70390	-0.25857	10.42435
											0.00958	-0.80445	9.65821
>	11:25:15	51.131780	17.037086	103.90	18	24	26	0.01	5.20	41.60	8.43238	0.41180	25.31629
											0.90022	-0.12450	7.50343
											1.00078	-0.61292	10.26634
											-0.53630	-0.70868	13.37880
											-0.83318	-0.49321	9.89763
											-1.58017	-0.29209	8.83460
											3.23696	0.43574	11.15698
											0.49799	-0.16759	12.10508
											0.31603	-0.66080	10.07001
											-0.73741	-0.22027	7.92002
											-1.03430	-0.94810	12.13860
											0.63207	-1.39821	10.02213
											0.68474	-0.06225	11.82257
											1.23541	1.11091	9.58160
											1.14922	1.35512	10.28070
											1.11570	0.99120	9.78271
											0.91937	-0.06704	10.88404
											0.85712	-0.42138	11.11867
											-0.40701	0.35434	5.09007
											1.00078	0.73263	13.76666
											0.50278	0.21069	10.53928
											0.28252	-0.10056	10.45787
											0.35913	0.03352	10.06522
											-5.82749	-9.12191	-5.82749
											1.49877	0.34477	11.40119
											1.00556	0.19154	8.78193
>	11:25:16	51.131746	17.037093	103.40	16	23	26	0.01	5.20	41.70	0.38786	-0.07661	10.58716
											0.44532	0.10534	10.94629
											0.18675	0.20590	9.84496
											1.68552	-0.26815	11.17613
											1.55623	-0.96726	11.39161
											0.35434	-1.06781	9.14585
											0.13886	-0.86670	8.29351
											1.16358	-0.45011	11.49217
											0.62728	0.11492	10.36211
											-0.37350	-0.25857	10.11311
											0.37828	-0.33998	10.11790
											0.92416	-0.28730	11.96622
											0.75178	-0.27773	11.44428
											0.16759	-0.66559	10.06522
											0.22027	-0.83318	7.15866
											0.93374	-0.46926	14.27423
											-0.27773	-0.33040	7.74285
											0.90501	-0.66080	11.42992
											0.66080	-0.72305	11.95185
											0.04310	-0.25857	11.40119
											0.56503	0.06704	9.53850
											1.37906	-0.00958	10.88404
											0.29209	-0.10056	9.70131
											0.19154	-0.17238	8.91601
											0.71347	0.05267	9.86411
											0.03352	-0.10056	8.79151
>	11:25:17	51.131714	17.037135	103.40	16	24	28	0.01	5.20	41.60	0.84276	0.16281	10.44830
											0.98162	-0.24900	10.12747
											0.33040	-0.71347	8.16423
											1.47004	-0.76614	8.17859
											1.07260	-0.91459	12.74194
											0.94810	-0.68474	10.91756
											-0.54109	-0.79009	10.35253
											-0.78530	0.10056	5.39174
											0.37828	1.23541	8.74362
											2.76770	2.15478	7.65666
											4.68785	0.38786	17.71709
											-0.49799	-0.36392	10.10832
											-1.01993	-2.20267	13.35007
											-3.01191	-2.03028	7.27837
											1.84832	-1.95846	12.54562
											1.11091	-0.97205	9.43316
											0.67516	-0.29209	7.22091
											1.68073	-0.53630	10.18972
											-1.09176	-0.56024	10.76433
											2.49476	-0.86191	11.54963
											1.29287	-1.80523	15.45218
											-2.19788	-0.21069	2.17394
											4.19464	-0.08140	18.57422
											-1.64242	0.33998	0.33519
											8.35098	0.10056	22.14158
											-1.03908	-0.85234	16.76899
>	11:25:18	51.131677	17.037165	103.10	16	24	28	0.01	5.20	41.60	-1.32639	1.73819	10.77870
											3.12683	1.26414	10.86489
											-6.16746	2.61447	9.70131
											3.32315	0.57461	9.88326
											1.55144	0.75178	12.66054
											0.68953	-0.47405	11.74595
											0.39265	-1.29766	9.62469
											0.64165	-0.87628	9.60075
											1.82917	-0.44532	9.99340
											0.90980	0.14844	9.37569
											-0.14844	0.12929	7.98227
											0.74220	-0.68474	10.99896
											1.17316	-0.53151	10.02692
											1.02951	0.16281	9.52413
											0.53151	0.75657	10.53449
											-0.17238	0.78051	12.26789
											-0.76136	0.43096	9.80665
											0.47405	-0.75178	9.93594
											0.64643	-0.52194	9.16979
											0.81403	-0.12450	11.38204
											0.12450	0.01437	8.98304
											0.90980	0.06225	10.22324
											0.54109	0.01915	10.35253
											0.02873	-0.10534	12.53604
											-1.47004	0.71347	10.15620
											-2.39899	0.97683	6.40210
>	11:25:19	51.131642	17.037193	102.60	18	24	28	0.01	5.20	41.70	0.69432	-1.99676	15.68681
											2.58095	-2.64799	14.45619
											-1.11570	-1.66158	11.87524
											-0.84755	-0.29688	8.61913
											-1.23062	-0.30167	5.36780
											0.45011	0.65601	6.98149
											-1.95367	0.16281	12.72279
											-0.01915	-0.03352	15.20797
											0.50757	-0.79966	5.40132
											5.47315	-1.33596	14.30296
											1.75256	-0.17717	9.68215
											1.54665	0.56503	9.26556
											0.90022	0.24421	8.80587
											-0.91459	-0.66559	11.46823
											-3.02148	-1.13964	10.29507
											0.80445	-1.14443	13.71399
											-0.06225	-0.09577	9.63427
											0.37828	0.20590	11.71722
											0.32561	-0.84276	8.89685
											-1.01035	-0.99120	10.72124
											-1.93451	-1.03908	9.05487
											0.00958	-0.87628	9.80186
											-0.02873	-1.07260	11.37246
											-1.23062	-1.32160	8.56645
											1.89621	-1.24020	10.91277
											1.06303	0.24900	12.63660
>	11:25:20	51.131605	17.037215	102.60	18	26	28	0.01	5.20	41.70	0.07661	0.01437	10.31422
											-0.58419	0.28730	8.94953
											0.54109	0.53151	9.94073
											0.26815	0.37828	10.89362
											-0.51236	0.70868	10.05565
											-0.00958	0.73263	9.95509
											0.38307	0.22505	10.20409
											0.51236	-0.34955	11.42513
											0.23942	-0.63207	10.09395
											-0.05746	-0.51715	9.03093
											0.74699	-0.43574	12.13860
											0.34955	0.05267	10.46745
											0.24421	0.41659	9.50019
											0.44532	-0.08619	10.48660
											-0.08619	-0.63686	10.60631
											-0.86191	-1.01035	10.07480
											0.05746	-1.54187	12.10030
											-0.59855	-1.72383	10.42914
											0.62728	-1.51314	10.36689
											0.92895	-1.44131	9.72046
											1.33596	-0.37350	9.44273
											0.29209	-0.19154	11.26711
											-0.15802	0.11971	9.08839
											0.36392	0.08140	10.01255
											0.64165	-0.50757	10.88404
											0.30167	-0.46448	9.99819
>	11:25:21	51.131568	17.037235	102.40	18	27	30	0.01	5.20	41.70	-0.11492	0.14365	10.03170
											0.64165	-0.31125	11.68370
											-0.55067	0.14844	9.86411
											-0.02873	0.04788	9.79228
											0.35434	0.02873	9.34696
											0.89064	0.23463	11.23359
											0.29688	0.55545	10.18493
											-0.17238	0.59855	9.70609
											-0.28252	-0.11492	10.09395
											0.24900	-0.79009	11.47780
											0.22505	-1.06781	9.82580
											0.81403	-1.34554	10.53449
											0.91937	-1.29766	10.50576
											0.02873	-0.73263	9.38527
											0.58897	0.00479	10.61589
											0.67995	0.11492	10.78827
											0.44053	-0.22027	10.12268
											-0.21069	-0.73741	9.20810
											0.03831	-0.81882	10.14663
											0.04788	-0.70390	11.45865
											-0.54588	-0.04788	10.14663
											-0.16759	0.45011	10.27112
											0.16759	0.60334	10.83137
											0.48363	0.55067	10.96066
											0.70390	0.30646	9.81623
											0.79009	-0.51236	11.33415
>	11:25:22	51.131533	17.037254	101.40	18	27	30	0.01	5.20	41.70	-0.14365	-0.22984	10.43393
											-0.68474	-0.89543	10.31901
											-0.68953	-0.91937	10.52970
											-0.62249	-0.63207	11.31500
											-0.44532	-0.34955	9.99819
											0.35913	-0.01437	8.22169
											1.70946	-0.11971	10.34774
											1.48919	-0.09577	11.93270
											0.57461	0.20590	8.90643
											0.79487	0.05267	11.25754
											0.25857	-0.56982	10.80743
											-0.57461	-0.64643	10.33337
											-0.10534	-0.25379	10.23761
											-0.23942	0.36871	10.31422
											-0.27294	0.85234	9.90721
											0.00479	1.13964	10.13705
											0.13886	0.89543	9.55765
											1.26893	0.75178	12.41633
											0.31603	0.45490	9.58638
											1.11091	0.11013	9.79228
											1.41258	-0.07183	11.48738
											0.31125	0.04788	10.39084
											-1.20189	0.01437	8.95431
											0.16281	-0.43096	11.66934
											-0.88585	-0.49799	10.43393
											-0.28252	-1.43173	9.95509
>	11:25:23	51.131492	17.037277	101.20	19	28	31	0.01	5.20	41.70	0.67995	-0.31125	9.70131
											0.31125	0.26336	11.57357
											-0.32082	0.40223	9.69173
											0.04788	-0.60813	9.63906
											0.72784	-1.40300	10.94150
											0.11971	-0.86191	10.18972
											0.06225	-0.17717	10.58716
											0.36392	0.17238	11.36767
											-0.21069	0.12929	10.66377
											-0.05267	-0.11971	9.08839
											1.01514	-0.84755	11.23359
											0.25857	-1.11570	9.66300
											0.52194	-0.37828	9.77313
											-0.17238	0.54109	9.96946
											0.91459	1.12527	10.85531
											-0.43096	0.91937	10.55364
											-0.09577	0.58897	9.13627
											0.03352	-0.62249	10.88404
											0.25857	-2.16915	11.31500
											-0.13408	-2.71981	10.01734
											0.76136	-1.75256	10.60153
											0.51236	-0.77572	10.58716
											0.21069	-0.28730	10.21366
											0.66080	-0.15323	9.83538
											0.49321	-0.53151	10.62068
											0.33519	-1.19710	9.91199
>	11:25:25	51.131416	17.037308	100.60	19	29	32	0.01	5.20	41.70	-0.50278	-0.26815	9.94551
											0.25857	-0.42617	10.32859
											0.28730	-0.71347	10.67335
											0.22984	-1.03908	9.84017
											0.77572	-0.66080	11.47301
											0.35913	0.06704	10.76433
											0.89543	1.27850	10.04607
											1.16837	1.53229	10.72602
											-0.00958	1.15401	9.95509
											-0.63207	-0.10534	10.36689
											-1.24020	-0.68474	9.28950
											0.05267	-0.89064	11.08037
											0.41659	-0.75657	10.40041
											0.85712	-0.36392	10.03649
											1.19231	-0.19154	11.05163
											0.45011	-0.36392	11.05642
											0.66559	-0.33519	9.68215
											0.70390	-0.89543	10.86968
											-0.03831	-1.11091	10.41478
											-0.33519	-1.03908	9.51935
											0.05267	-0.42617	10.16099
											-0.31603	0.31603	10.66856
											0.19154	0.49799	11.46344
											-0.48363	0.47884	8.18338
											1.78129	-0.19154	11.08037
											1.39343	-0.04310	10.58716
>	11:25:26	51.131372	17.037308	100.00	19	29	32	0.01	5.20	41.70	-0.02873	0.01915	10.50097
											0.20590	0.34477	10.88883
											-0.59855	0.31603	11.89439
											-0.46926	-0.15802	10.02692
											0.28730	-0.11971	10.92714
											0.00000	0.14365	8.60476
											0.53151	-0.02873	9.52413
											1.06781	-0.07661	12.35887
											1.49398	0.04788	14.22156
											-1.19231	0.29209	7.91523
											2.29365	-0.36392	14.33648
											-1.25935	-0.74699	8.71968
											0.28730	-1.46046	12.03805
											-1.87227	-0.59855	5.94241
											0.58897	-0.31603	10.78348
											1.31681	0.45969	10.26155
											2.62883	-0.00958	12.43070
											-0.29688	0.02873	8.81066
											2.08296	-0.35434	11.28627
											-0.19632	-0.25857	8.15944
											1.09176	0.11013	11.07079
											-0.78530	0.74220	11.47301
											-1.04866	0.24421	10.61589
											-0.80445	-0.68953	9.22725
											0.70868	-1.01514	10.97502
											-0.21548	-0.57940	11.49217
>	11:25:27	51.131330	17.037309	99.10	20	31	35	0.01	5.20	41.80	1.33596	-0.19154	11.64061
											-0.90022	-0.26815	9.36612
											-0.87628	-1.04387	9.67736
											0.20590	-1.16358	8.93037
											2.37505	-0.44532	13.26388
											0.22027	-0.09098	12.28704
											-0.75178	-0.20111	11.09952
											3.69186	-0.45969	11.25754
											-1.72383	-1.07260	7.11078
											1.20668	0.04310	7.54174
											0.77093	0.66080	11.72201
											-0.31125	0.23463	8.02058
											-1.02951	0.39744	10.08438
											0.86191	0.84755	10.86968
											2.48997	0.56503	17.14727
											-2.38462	0.89064	4.76446
											0.12450	-0.09098	12.22958
											0.77572	-0.84276	9.03572
											0.08140	-0.57940	8.50420
											-0.64643	-0.56503	8.35098
											0.55067	-0.98162	11.91355
											-0.10534	-0.82839	11.89439
											2.67193	-0.13886	10.10353
											0.76614	-0.83318	12.56477
											0.38786	-0.95289	11.60230
											-0.01915	-1.31202	8.55688
>	11:25:28	51.131288	17.037312	98.20	20	32	32	0.01	5.20	41.90	-0.31125	0.59855	8.08282
											1.96325	-0.79966	12.99573
											1.27850	-0.52194	11.79384
											1.33596	0.33519	11.48259
											0.92416	0.69911	11.58315
											-0.21548	0.60334	11.65497
											-1.50835	-0.02394	10.20888
											-1.37427	-0.89543	9.02614
											-1.36469	-1.24020	12.27268
											-0.55067	-1.01993	8.21690
											0.39744	-0.32082	12.45464
											0.42138	-0.29688	10.51533
											1.62806	-0.59855	10.71645
											2.14999	-0.08140	9.74440
											0.35913	-0.40223	12.36845
											-0.11492	-1.27372	9.58638
											-1.41258	-1.08218	9.87848
											0.28730	-0.48363	12.91432
											-1.74777	0.48842	7.73327
											0.28730	0.39744	11.70765
											0.73741	0.56982	12.32535
											0.25857	0.67516	7.65666
											1.87227	0.09577	10.91756
											0.99120	0.05746	11.63582
											0.40223	-0.07661	8.46111
											0.84755	-0.15323	9.58160
>	11:25:29	51.131252	17.037314	97.50	20	32	32	0.01	5.20	41.90	-0.23463	-0.35913	10.23282
											0.46448	-0.40701	9.93594
											-0.33998	-0.75178	9.02614
											0.80445	-0.78530	11.96622
											1.50356	-0.67516	9.39006
											0.31125	-0.89543	10.64462
											-0.27294	-0.80445	11.12825
											-0.45011	-0.45969	11.48259
											-0.62249	-0.58419	9.62469
											0.44053	-0.17717	10.31901
											0.11013	0.15802	9.10275
											1.32160	0.13408	10.86489
											1.60412	-0.19632	13.23994
											-0.44053	-0.09577	8.37492
											-0.12450	0.17717	10.74997
											1.54187	0.39744	10.73560
											-0.11492	0.95289	10.07959
											-0.68474	1.10612	8.28394
											-0.20590	0.64165	10.72124
											1.42694	0.23463	13.35486
											-0.14365	-0.03831	9.97903
											-0.33998	-0.40223	12.43070
											-0.29209	-0.72305	9.01656
											0.15802	-0.96247	8.25521
											1.50835	-0.88585	9.96946
											1.01514	-0.88585	11.99495
>	11:25:29	51.131252	17.037314	97.50	20	32	32	0.01	5.20	41.90	-0.26815	-0.34955	9.32302
											0.53151	-0.36871	9.65821
											1.13964	-0.60813	11.14740
											0.87628	-0.91459	10.20888
											0.73263	-1.30245	11.58315
											-0.89543	-1.13485	9.29429
											0.75178	-0.24900	10.17057
											1.14922	0.83318	11.59272
											-0.13886	1.52750	8.51857
											0.24421	0.78530	11.90397
											-0.39744	-0.48363	8.73405
											-0.09098	-0.50278	11.00375
											-0.07183	-0.25857	11.67892
											-0.66080	-0.16759	7.41724
											1.01514	-0.35434	12.89996
											1.67115	-0.89543	10.26155
											0.75178	-0.67038	11.60709
											0.58419	-0.02394	11.08994
											-0.47884	-0.10056	8.37013
											-0.39265	-0.43096	8.20732
											0.93853	-0.53151	10.70687
											0.32561	-0.12450	9.69173
											0.28252	0.28730	10.54885
											1.01035	-0.05267	12.17212
											0.61292	-0.60334	10.40520
											1.13964	-0.60813	11.26232
>	11:25:32	51.131127	17.037282	97.40	20	32	32	0.01	5.20	42.00	0.16759	0.16759	11.92791
											0.35913	-0.16281	12.77067
											-3.79720	-0.15323	2.98318
											1.30245	-0.28252	-2.82037
											2.39420	-0.21069	17.85596
											2.45166	0.05746	8.08761
											1.43173	0.07183	14.94461
											0.71826	0.68474	11.29106
											-0.61770	0.14844	9.47625
											1.51314	-0.11492	10.17057
											2.18830	-0.06704	8.95910
											-4.12282	-0.63207	10.56322
											1.10612	-0.26336	9.71088
											-0.87149	0.25379	8.84418
											2.54743	0.14365	15.62935
											-0.80445	0.03831	8.68138
											1.85311	-1.04387	12.76110
											0.77572	-0.84276	9.16022
											2.24097	-0.31603	9.03093
											0.54109	-0.38307	9.81623
											1.52750	-0.65122	9.80665
											-1.50835	-0.99120	10.28070
											0.64643	-1.15879	10.29986
											-1.63285	-0.59855	8.58082
											1.47004	0.56024	13.69962
											1.12527	0.83797	10.11790
>	11:25:33	51.131070	17.037292	99.40	20	32	32	0.01	5.10	42.10	-1.62327	-0.90022	7.65187
											0.77572	-1.20189	4.46279
											-0.97205	-1.27372	14.26465
											0.09098	-0.12450	9.36133
											1.53708	-0.04788	14.73871
											-1.76213	-0.04310	4.94642
											1.76213	-0.22505	11.78426
											3.03585	0.32082	10.36211
											1.77171	0.35434	11.98537
											-2.43730	-0.67038	10.84573
											1.06781	0.31603	8.48984
											1.55623	0.64643	14.85363
											0.03352	0.91459	9.56723
											-1.76692	0.26336	7.71891
											0.55067	-0.60334	11.21923
											-0.36871	-1.54187	9.51456
											1.77171	-3.07894	9.01178
											1.24498	-4.31435	11.54963
											2.08774	-4.07972	10.64462
											2.41814	-2.59053	10.67335
											1.98719	-0.53151	13.25909
											-0.76614	0.43096	9.16979
											0.01437	0.45011	10.40041
											0.31125	0.73741	10.62068
											-0.33519	1.66636	12.21043
											0.18675	2.39899	9.33260
>	11:25:34	51.131030	17.037287	99.50	20	32	32	0.01	5.10	42.10	1.19231	-0.19154	9.21289
											0.32082	0.05267	10.58237
											-0.64643	0.05746	11.74117
											-0.56024	-0.40701	10.69729
											-3.67271	-0.24421	3.23696
											1.90100	-1.06781	18.67477
											-0.29209	-0.43096	4.53462
											2.69108	-0.17717	14.30296
											-0.44532	-1.00556	10.49618
											1.32160	-1.81959	14.76744
											1.02951	-1.20668	11.27669
											0.80924	-0.16759	9.46189
											-1.51314	0.26815	6.67503
											0.38786	-0.04788	8.52336
											-1.60412	0.11013	6.22014
											3.77805	0.04310	17.30050
											-0.12929	-0.16759	9.69173
											0.94810	-0.11492	13.27345
											2.03507	-0.14844	11.83693
											0.08619	0.99120	2.03028
											3.90255	0.67995	13.89595
											1.20189	0.75178	9.97903
											0.25857	-0.08140	7.91523
											-2.20745	-1.22583	13.91031
											-2.92093	-1.43173	5.70299
											1.93930	-1.45567	16.35240
>	11:25:36	51.130934	17.037288	101.10	22	35	36	0.01	5.10	42.10	3.62961	-0.56982	12.57914
											-0.38307	-1.44610	9.20331
											-0.24421	-1.86748	9.63427
											-0.54588	-1.70467	11.43950
											0.49321	-0.16281	9.30387
											2.26970	0.42138	9.04529
											1.69988	0.86670	12.59350
											1.02472	0.56982	10.30943
											-0.36871	-0.07661	9.14585
											0.54109	-0.18196	10.06522
											0.32561	0.06704	11.18092
											-0.36392	0.95289	5.12359
											2.29843	0.99120	9.19373
											0.45011	0.34955	9.09797
											3.22738	0.41659	14.65730
											1.11570	-0.95768	15.02601
											-0.55545	-0.97683	11.64061
											-1.54665	-0.36871	8.35576
											1.53708	1.02472	8.63349
											2.01592	1.06781	10.79306
											-0.55067	-0.05746	7.32147
											-0.16281	-1.04387	12.03326
											-2.46124	-1.10612	7.81946
											0.98162	-0.96726	7.59441
											3.43807	-1.21625	15.01164
											1.90578	0.48363	9.87848
>	11:25:37	51.130895	17.037287	101.50	22	35	36	0.01	5.20	42.20	0.52672	0.66559	6.72292
											1.39343	0.27773	10.44830
											0.01437	0.03352	9.92157
											1.02472	-0.25857	10.66856
											0.29209	0.18675	6.71334
											1.64242	-0.44053	16.78335
											-0.64643	-0.59855	9.40442
											0.87149	-0.63686	9.76355
											1.76213	-0.35434	13.26867
											-0.01915	0.34477	9.05966
											0.41180	-0.44053	8.99741
											1.85790	-0.45969	10.96066
											-1.23541	0.44532	10.12747
											2.04465	1.71904	9.81144
											0.79487	0.45490	11.84651
											-0.73741	-0.25379	11.09473
											1.02951	-0.34477	9.75398
											1.33118	-0.59376	10.43393
											-0.97683	-0.77572	10.52012
											-0.27773	0.44532	8.14507
											0.27773	-0.77572	14.50886
											-0.39265	-0.27773	8.02058
											1.97761	-0.00958	12.71321
											1.07739	0.15323	10.94629
											1.46525	-0.23942	10.72602
											0.45969	-1.17316	10.35732
>	11:25:39	51.130794	17.037290	106.30	22	36	39	0.01	5.10	42.20	0.98641	-0.40701	13.65174
											-1.01993	-0.58419	8.24563
											1.58975	-0.37828	9.96467
											1.67594	-0.43574	11.24796
											0.70390	-0.11013	10.60153
											-0.67995	-0.22027	10.11311
											-1.35512	0.27773	8.69095
											1.71904	1.31202	7.70933
											-0.71347	0.77572	17.01799
											-0.91937	0.49799	5.50666
											5.36780	-0.38307	16.71632
											-1.06781	-0.02873	9.67257
											1.61848	0.26815	11.70286
											0.33519	-0.30646	5.66947
											1.07260	-0.49321	8.54251
											3.38061	-2.18830	10.35253
											0.49799	-1.38864	6.60800
											3.04542	-3.26569	17.99961
											-2.64799	-4.42927	9.61511
											-0.79009	-3.84030	11.72201
											-1.74298	-2.18830	8.82503
											3.35188	-0.14365	14.05396
											1.65679	0.55545	10.21366
											-1.29287	1.39821	12.34450
											1.84354	1.77171	9.88805
											1.25935	2.46603	6.26802
>	11:25:40	51.130748	17.037293	106.60	22	36	39	0.01	5.10	42.20	1.46525	-0.32561	7.32147
											2.11169	-1.23062	11.78426
											0.61770	-0.72305	10.12268
											-0.84755	-0.41180	8.21211
											1.11091	-0.22027	10.84095
											0.14365	-0.47884	11.06121
											-0.46926	0.05267	9.03093
											0.39265	-0.13886	12.40197
											1.02472	-0.32082	11.51611
											0.68953	0.12450	8.29830
											2.06380	0.08619	12.63660
											0.79966	-0.77572	11.89918
											-0.47884	-0.80445	7.72369
											0.53630	-1.03430	10.68293
											-0.35434	-0.78530	11.88003
											-0.64165	-0.59376	6.34942
											1.05345	-0.48363	12.50252
											0.80924	-0.18196	10.76433
											1.27372	-0.58419	10.46745
											1.60890	-0.43096	11.97580
											0.18675	-0.44053	11.42992
											-0.33040	-0.35913	9.15064
											1.04387	-0.04310	10.20409
											0.21069	0.23463	9.10275
											0.09098	0.12929	10.69729
											0.22027	-0.17238	8.55688
>	11:25:42	51.130660	17.037298	106.20	22	37	40	0.01	5.10	42.10	0.94810	0.31125	11.43471
											1.83396	0.41659	9.30866
											1.34554	-0.17238	14.23592
											-2.17394	-0.51715	6.52181
											0.90980	-0.67995	9.84496
											0.30646	-0.49321	12.50252
											0.82839	0.33040	8.73884
											-0.52194	0.07661	8.52336
											1.28329	-0.33519	13.03882
											2.00634	-0.87149	12.98136
											1.27850	-0.90501	10.62547
											-1.13964	-1.16358	8.88728
											0.34955	-0.70868	10.69729
											1.19710	-0.66080	9.73961
											0.23942	-0.98641	11.02290
											-0.64643	-1.15401	11.31500
											0.31125	-0.95289	7.66623
											2.34632	-1.12527	12.73715
											1.00556	-0.61770	11.00854
											1.45567	0.19154	8.92080
											0.48363	0.00000	8.58082
											1.23062	-0.34477	10.71166
											-0.38307	-0.25857	7.29274
											0.56024	0.43574	9.58160
											-0.51715	-0.04310	13.56555
											-0.11971	0.19632	8.69095
>	11:25:43	51.130614	17.037294	105.80	22	37	40	0.01	5.10	42.20	0.94810	0.78051	14.10664
											-0.63207	0.05267	11.70286
											-2.10690	-0.37350	7.72848
											-0.40223	-0.95768	10.86968
											-0.15323	-0.01915	7.79073
											3.08852	0.51715	13.30697
											0.57461	0.88585	10.19451
											0.37350	0.49321	7.00065
											3.59609	-0.89064	12.10987
											0.40701	-1.19231	9.93594
											1.43652	0.23942	12.35887
											0.35913	0.61292	12.48337
											-0.41180	0.59855	7.71412
											-0.40701	-0.34477	10.32380
											0.00479	-1.24977	10.32380
											-0.63207	-1.28808	7.63272
											-0.16759	0.53151	6.82826
											2.80122	-0.02873	17.51119
											1.29766	-0.17717	10.64941
											-0.72305	-0.34477	8.23605
											2.38941	-0.55545	10.97023
											0.58419	0.22984	12.25352
											1.68073	0.54588	9.35175
											0.72305	0.03831	13.92947
											-1.23541	-0.31603	9.74440
											0.51715	-0.69911	10.61589
>	11:25:45	51.130521	17.037267	107.30	23	37	41	0.01	5.10	42.10	2.12605	-0.10056	5.73651
											2.12605	-0.56503	13.37880
											2.48039	-0.89543	11.13304
											0.48363	-0.60813	9.77792
											0.71826	0.24421	10.61110
											0.22027	1.15401	8.65743
											2.57137	0.65601	13.36922
											1.67115	-0.38307	11.03248
											-0.82361	-0.47405	7.36935
											1.88184	-0.25857	12.21522
											0.69432	-0.06225	11.38682
											1.78129	0.10534	9.69652
											0.74220	0.29209	9.21768
											1.69509	-0.19154	12.71321
											1.99198	-0.41180	7.42203
											1.82917	-0.69432	11.06121
											1.18752	-0.61292	5.83228
											1.46046	-0.38786	14.25508
											1.39821	0.17238	9.09797
											0.85712	-0.65122	13.67089
											0.57940	-0.56503	10.59674
											0.74699	-0.33998	10.56801
											1.40779	0.13408	9.59117
											1.89142	-0.24900	10.81700
											0.93374	-0.32082	8.70532
											1.21625	-1.20668	10.53928
>	11:25:46	51.130477	17.037260	108.20	23	37	41	0.01	5.10	42.10	-0.42617	-0.22505	9.11233
											0.59855	0.37350	8.49463
											1.88663	0.64643	10.12747
											2.13563	0.90980	11.34373
											1.67115	0.50278	7.54652
											1.97761	0.54588	13.15374
											0.66559	0.53630	9.82580
											1.96803	0.06704	13.13938
											0.42617	0.10056	9.21768
											1.27850	-0.08619	9.98861
											1.36469	0.12450	10.91756
											1.23062	-0.17717	8.26000
											1.92973	-1.05345	13.15853
											1.20668	-1.91057	12.35887
											-0.52672	-2.10211	9.37091
											0.35434	-1.45567	9.01178
											1.94888	-0.45011	11.31979
											2.58095	0.19154	10.77870
											2.03028	-0.12450	9.00699
											1.29287	-1.02951	9.61033
											1.35512	-0.54109	8.59997
											1.58496	-0.33519	12.23916
											0.30646	-0.38786	9.88326
											0.66080	-0.33040	11.31979
											0.90501	-0.11492	10.65899
											1.63285	0.06225	10.94150
>	11:25:48	51.130396	17.037242	112.40	23	37	41	0.01	5.10	42.10	1.84832	-0.16759	12.61744
											0.49321	-0.51236	9.37091
											0.58419	-0.66080	12.12903
											0.79009	0.08619	10.61110
											0.58419	0.33519	8.19296
											1.93930	-0.10534	10.07959
											2.38941	-0.40223	11.27669
											1.97282	-0.79966	11.07079
											0.97683	-1.01035	10.16578
											0.64165	-0.83797	9.67736
											0.99120	-0.20111	9.39485
											1.81959	0.22027	11.13783
											1.47483	-0.21069	10.63504
											0.84755	-0.88107	10.44351
											1.36469	-0.52194	11.77947
											0.60813	-0.01915	10.28070
											1.44131	0.51715	8.35098
											1.90578	0.28252	11.99974
											0.85712	-0.18675	10.45787
											1.71425	-0.65122	9.61990
											0.95289	-0.86670	10.54885
											1.59454	-0.36871	10.29028
											1.85311	0.22505	11.02769
											0.78530	0.24900	9.16979
											1.34075	-0.02873	9.77313
											1.33596	-0.08619	10.80264
>	11:25:49	51.130364	17.037237	112.80	23	37	41	0.01	5.10	42.00	1.17795	0.84755	9.88805
											1.24020	0.75178	10.83137
											0.95768	0.74220	9.96467
											0.99120	0.45011	10.77870
											1.02472	0.30167	10.62068
											1.24498	0.12929	10.38126
											0.93374	0.10056	10.79785
											0.77093	-0.07661	9.88326
											1.12527	-0.30646	11.09952
											0.78051	-0.49799	11.00375
											0.81882	-0.76136	10.29507
											1.02472	-1.01035	10.94629
											0.78051	-0.87149	10.03649
											0.99599	-0.74220	10.32380
											1.18274	-0.73263	10.41957
											1.17316	-0.46926	10.27112
											1.02951	-0.22027	10.60631
											0.67038	-0.07661	9.92636
											1.03430	0.27294	11.04685
											1.02472	0.97683	10.52970
											0.44532	1.05345	9.98861
											0.47884	0.76614	10.24718
											0.38786	0.49321	10.45787
											0.34955	0.46926	10.13705
											0.94810	0.69432	10.75954
											0.81882	0.80924	10.31422
>	11:25:51	51.130323	17.037226	115.10	22	37	41	0.01	5.10	42.10	0.70390	0.58419	9.70609
											1.30723	0.39744	10.97023
											1.64242	-0.09098	11.11867
											0.63686	-0.21548	10.79306
											0.12450	0.04310	9.78750
											0.40223	0.38786	9.43794
											0.89064	0.48363	10.79785
											1.26893	0.08619	10.69250
											0.59376	-0.39744	10.86010
											0.63686	-0.41659	10.35732
											0.21548	-0.02873	10.31422
											1.00078	0.49799	10.42914
											1.19231	0.61770	10.33816
											0.48842	0.35434	9.38527
											0.73263	0.09098	9.41879
											0.67995	-0.13408	10.40999
											0.78051	0.20111	10.55364
											0.92895	0.64643	10.65420
											0.40701	0.61292	10.78827
											0.68474	0.46448	10.79306
											0.82839	0.44532	9.85932
											0.71347	0.14844	10.99417
											0.64643	-0.35913	10.64941
											-0.04310	-0.61770	9.81623
											1.03430	-0.58419	10.49139
											0.85712	-0.61292	10.80743
>	11:25:52	51.130310	17.037224	115.30	22	37	41	0.01	5.10	41.90	1.90100	-1.29287	10.65420
											1.85311	-1.43652	10.56322
											1.75734	-1.47483	10.37647
											1.60890	-1.27850	10.03649
											1.38864	-0.79009	10.51533
											0.80445	-0.34477	10.32859
											0.56503	-0.65122	10.34295
											1.14922	-1.11570	10.48660
											1.21147	-1.35991	10.29028
											1.15879	-1.60890	9.93594
											1.77171	-2.20267	10.27591
											1.88184	-2.06380	9.85453
											1.58017	-1.72861	10.22324
											1.77650	-1.73340	10.57279
											1.81959	-2.06380	9.72046
											2.14042	-2.32238	10.38605
											1.26414	-2.30322	9.95509
											0.50757	-2.36547	9.93594
											0.96247	-3.16035	10.02692
											-5.82749	-9.12191	-5.82749
											1.87705	-4.07493	9.43316
											1.96803	-3.82593	10.18972
											1.59454	-3.47159	9.65821
											1.52750	-3.14119	9.70131
											1.55144	-2.52349	9.64384
											1.11570	-2.30322	9.72046
>	11:25:54	51.130285	17.037219	115.90	22	36	40	0.01	5.10	41.90	0.78530	-1.81002	10.64941
											0.90980	-0.88585	10.64941
											1.35033	-1.48919	10.59674
											1.20668	-1.88184	10.62068
											0.56982	-3.06458	10.71645
											0.55067	-2.65278	9.92157
											0.93853	-1.46525	10.12747
											0.75657	-0.79487	10.19930
											0.88107	-0.71826	10.07480
											1.33596	-0.31603	10.69729
											1.56581	-0.14365	10.38126
											1.85311	0.27294	10.36211
											2.02071	0.23463	10.34295
											1.92973	-0.26336	10.34774
											1.90578	-0.54588	10.11311
											1.65679	-0.33040	10.34774
											1.50835	-0.26336	10.40520
											1.54665	-0.22505	10.35253
											1.58975	0.16759	10.38605
											1.20189	0.44053	10.62547
											0.87628	0.09577	10.22803
											0.72784	-0.10056	10.38126
											0.73263	0.07183	10.31422
											0.41659	0.38786	10.48660
											-0.17238	0.56503	10.25676
											-0.45969	0.72305	10.39084
>	11:25:55	51.130279	17.037216	116.20	22	36	40	0.01	5.10	41.90	0.42138	-0.19154	10.38126
											0.41180	-0.15802	10.35253
											0.36392	-0.13886	10.37647
											0.42138	-0.12929	10.39562
											0.43096	-0.14365	10.40041
											0.39265	-0.14365	10.40520
											0.41180	-0.16759	10.37168
											0.35913	-0.13408	10.36689
											0.34477	-0.02873	10.36689
											0.36871	0.00479	10.39562
											0.39265	-0.05746	10.40520
											0.37828	-0.07183	10.40041
											0.37350	-0.09098	10.37168
											0.38307	-0.09098	10.36211
											0.36871	-0.07183	10.38126
											0.39265	-0.00958	10.41957
											0.41659	-0.05746	10.42914
											0.37350	-0.03352	10.38605
											0.38786	-0.10534	10.36689
											0.40701	-0.13886	10.35253
											0.39744	-0.08619	10.35253
											0.36871	-0.05267	10.38605
											0.38786	-0.04310	10.41957
											0.41659	-0.05746	10.40999
											0.40223	-0.06704	10.39084
											0.38307	-0.12450	10.35253
>	11:25:57	51.130267	17.037216	116.20	20	33	37	0.01	5.10	41.80	0.37828	-0.10534	10.40041
											0.39265	-0.13886	10.39562
											0.38307	-0.09577	10.37647
											0.35434	-0.08619	10.37168
											0.39744	-0.10534	10.36689
											0.39744	-0.07183	10.38126
											0.38307	-0.08140	10.39084
											0.39744	-0.10534	10.38605
											0.39744	-0.11492	10.39084
											0.39744	-0.13408	10.37168
											0.37828	-0.14844	10.38126
											0.40223	-0.13408	10.38605
											0.41659	-0.15323	10.39084
											0.41180	-0.16281	10.39562
											0.38786	-0.13886	10.34774
											0.35913	-0.10056	10.38605
											0.39265	-0.10534	10.38605
											0.40223	-0.11492	10.39084
											0.38307	-0.12450	10.38126
											0.38307	-0.13408	10.38605
											0.39265	-0.14844	10.38126
											0.40701	-0.18196	10.37647
											0.41180	-0.22027	10.37647
											0.43096	-0.21069	10.36689
											0.42138	-0.20111	10.34774
											0.36392	-0.19632	10.38126
>	11:25:58	51.130265	17.037214	118.10	20	33	37	0.01	5.10	41.70	0.33998	-0.34477	10.39562
											0.34477	-0.46926	10.38605
											0.43574	-0.56024	10.39562
											0.42617	-0.54109	10.35732
											0.41180	-0.58897	10.33816
											0.39744	-0.59376	10.36211
											0.43096	-0.54109	10.39084
											0.47405	-0.50757	10.40041
											0.49321	-0.43574	10.38126
											0.43096	-0.37350	10.35732
											0.34477	-0.36871	10.33337
											0.39744	-0.40223	10.37168
											0.47884	-0.39265	10.40999
											-5.82749	-9.12191	-5.82749
											0.41180	-0.40223	10.39084
											0.38786	-0.47405	10.36211
											0.42617	-0.58419	10.35253
											0.45011	-0.66080	10.37168
											0.45490	-0.68474	10.36689
											0.44053	-0.64643	10.39562
											0.42617	-0.55067	10.38605
											0.44532	-0.50278	10.40999
											0.44532	-0.42617	10.37647
											0.42617	-0.41659	10.38126
											0.42138	-0.39744	10.37647
											0.42617	-0.29688	10.34774
>	11:25:58	51.130265	17.037214	118.10	19	32	36	0.01	5.10	41.70	0.44532	-0.48363	10.35732
											0.35434	-0.57461	10.36211
											0.36392	-0.49321	10.33337
											0.37828	-0.30646	10.33337
											0.36392	-0.17717	10.39562
											0.40223	-0.15323	10.40520
											0.44532	-0.26336	10.39562
											0.46926	-0.37828	10.42914
											0.45969	-0.40223	10.39084
											0.44532	-0.41180	10.38126
											0.43096	-0.35913	10.35732
											0.42617	-0.31125	10.35732
											0.40223	-0.29688	10.40041
											0.37828	-0.28730	10.38605
											0.40701	-0.26815	10.39084
											0.39744	-0.24421	10.37647
											0.36871	-0.34477	10.37168
											0.38786	-0.45011	10.39562
											0.43574	-0.48363	10.40520
											0.42617	-0.42617	10.37647
											0.43096	-0.29688	10.39084
											0.42138	-0.22984	10.39084
											0.39744	-0.22505	10.38126
											0.39265	-0.25857	10.39562
											0.41180	-0.34955	10.37647
											0.42617	-0.37828	10.39084
