>	10:53:00	51.110577	17.049788	113.40	29	46	58	0.00	7.80	50.10	11.24078	14.13537	3.43089
										11.23838	12.70124	3.60567
										11.00136	15.03319	3.54581
										11.54005	13.04361	3.04782
										11.03966	12.28226	5.27682
										11.53287	12.82334	4.35505
										11.95425	12.53843	4.23295
										11.22881	14.05157	2.70066
										12.15057	12.04283	5.05416
										12.04523	12.17452	4.00071
										12.04283	13.91031	2.66235
										11.37725	12.77785	4.47476
										11.86088	12.77546	3.56736
										10.89841	12.70603	3.34949
										11.00615	11.24317	6.33506
										11.22641	12.51928	5.25048
										10.89841	12.85447	4.10366
										11.37725	15.62456	1.32399
										10.77870	11.60470	4.65193
										11.99495	11.86566	4.44843
										11.82257	13.04361	5.02782
										12.33493	14.86081	2.24097
										11.44428	11.91594	4.32872
										10.70926	12.10030	6.01663
										11.00854	15.83046	3.12204
										10.95826	13.02206	0.90980
>	10:53:03	51.110643	17.049643	114.20	26	44	54	0.00	7.80	50.10	10.51055	12.17452	5.09486
										10.95587	12.04044	4.55377
										10.98220	13.33810	3.60088
										11.24557	11.54245	5.26246
										12.19127	12.55998	4.61602
										11.15459	13.58709	4.48434
										11.57357	10.92953	6.94797
										11.74835	13.91510	-0.63446
										10.73560	13.02206	4.01508
										11.05882	12.19367	5.38695
										11.94228	11.72919	1.56102
										11.42274	13.11065	4.55138
										11.08994	11.62146	3.42850
										11.40358	13.53203	7.14430
										10.26155	13.44344	1.36948
										10.71405	12.46182	3.80439
										11.68370	12.23916	1.79805
										11.37725	12.57435	4.29041
										10.70208	12.77785	4.44843
										12.49294	11.16895	3.50511
										12.85447	13.03643	3.90255
										12.47618	12.78983	1.64003
										11.44907	11.44668	5.12120
										23.41529	25.45515	7.92002
										10.58477	13.52245	2.60729
										11.07318	12.34690	4.06775
>	10:53:06	51.110712	17.049518	114.50	26	44	54	0.00	7.80	50.00	10.81700	12.49055	3.14598
										11.40358	13.66131	3.87382
										11.93988	12.95981	2.96881
										12.39718	12.36366	3.72777
										12.91672	11.84651	5.35583
										10.70687	13.19684	5.23612
										10.50336	12.37563	2.81798
										10.33577	11.57836	5.67905
										10.27591	12.70363	4.59208
										11.34133	13.00291	4.63996
										12.22719	11.51372	6.59124
										11.72680	12.65336	5.46836
										11.77708	12.88559	4.13479
										11.50653	13.05319	5.41568
										12.08593	11.24078	6.37576
										12.22719	12.25831	4.05578
										10.84095	13.75469	3.21062
										11.70286	12.85926	4.86262
										11.35330	12.51449	4.79798
										12.03086	12.98615	2.21942
										12.78983	13.12262	2.40857
										13.16811	12.35169	4.08451
										12.51928	12.80419	2.82995
										11.41316	13.01727	4.46758
										10.78348	13.91271	2.09971
										13.15614	13.17529	4.38139
>	10:53:10	51.110798	17.049375	114.70	26	46	56	0.00	7.80	50.00	12.20564	10.72363	5.90410
										11.78426	13.80497	2.20506
										11.54484	14.57829	3.01191
										10.93432	12.37084	6.28717
										10.67814	13.28782	1.67115
										11.80341	12.82813	4.11084
										11.71962	12.07396	4.69742
										10.49139	11.58554	6.41646
										10.60871	13.02446	1.61609
										11.29106	12.24874	5.63356
										11.84172	10.76672	4.62799
										12.05720	13.29500	0.85952
										11.01333	11.99256	4.94403
										11.19529	12.57914	5.38456
										11.35330	13.55118	0.62489
										10.31422	11.67413	7.59920
										10.77151	11.12825	4.52983
										10.66138	13.07952	2.91614
										11.25514	10.65659	3.03345
										11.08037	11.83693	6.36139
										11.34133	12.50492	2.87544
										11.60709	12.06917	2.44209
										11.79623	10.96784	2.94726
										12.24155	11.06839	5.03979
										11.17613	10.59195	4.16352
										11.11867	12.30859	3.27287
>	10:53:14	51.110889	17.049151	110.90	30	50	62	0.00	7.80	50.00	10.80264	13.27585	2.80840
										11.24557	12.99094	2.78685
										11.36528	12.83292	6.03339
										11.49217	12.83292	3.73017
										10.69969	10.24958	4.79319
										10.49857	11.55681	4.96318
										10.61350	13.05798	4.83868
										10.37168	13.55836	3.63679
										12.41872	11.35091	4.22816
										11.54245	13.06516	3.68228
										11.24796	11.48020	5.31992
										12.98615	12.54562	2.57137
										11.69089	13.49372	3.39737
										11.46583	12.68687	3.31358
										13.95580	13.45063	3.03824
										11.59751	12.26071	4.45561
										10.89362	13.02446	3.43329
										11.68131	14.73631	0.58897
										11.23599	13.25191	4.24731
										10.76912	12.54083	4.43885
										11.97340	12.11466	5.96396
										12.30380	13.20402	4.00311
										12.68448	12.83053	4.74052
										13.34767	12.95503	2.79164
										11.60709	13.24951	3.01669
										12.38999	12.87602	4.66869
>	10:53:17	51.110986	17.049078	110.80	31	51	67	0.00	7.80	50.00	11.79384	13.04840	3.50990
										11.48977	12.91672	4.07254
										11.40358	13.06276	3.27766
										11.44428	12.77307	3.72777
										11.32697	13.55118	3.34231
										11.57118	12.87123	3.00233
										11.84890	13.78821	3.18668
										11.69807	12.89996	2.67193
										11.77468	12.88559	4.27604
										10.92953	13.21599	2.24576
										22.36663	26.31706	8.49463
										12.22719	13.06516	4.32632
										12.12424	13.13938	3.88100
										11.62385	13.44584	3.38780
										10.84334	12.96221	4.27844
										10.88165	12.92869	4.54419
										11.30542	13.00291	4.03662
										11.85130	12.95503	4.38139
										12.61744	12.62463	4.74531
										11.98537	13.32373	3.57694
										10.82419	12.66293	4.02226
										11.35091	12.52646	3.52426
										10.19930	12.41154	4.69024
										11.91594	13.35007	3.14119
										10.40999	12.92869	4.56814
										10.14184	12.72758	4.39575
>	10:53:21	51.111094	17.048940	109.60	32	52	67	0.00	7.80	50.00	10.64701	13.01727	3.70622
										13.63737	13.10107	4.06057
										12.64378	12.47140	4.52983
										11.21205	12.99812	3.48596
										8.91601	13.76666	2.41096
										11.37725	13.48414	3.09570
										13.65413	12.41872	3.79481
										11.95664	12.51928	2.63841
										11.74595	13.55597	5.20499
										11.17134	12.93348	4.27126
										11.60230	13.20642	3.03106
										10.18254	13.50569	3.69425
										10.09395	12.67490	4.86502
										11.86806	12.83292	3.39977
										11.12107	13.49372	2.42533
										12.13860	12.69885	4.13718
										11.80102	12.98136	3.51948
										11.15698	13.09628	3.43089
										10.85531	12.36366	4.89375
										11.83693	12.56238	3.53145
										12.30380	12.83292	3.89776
										11.77468	13.56794	3.19147
										10.38844	13.48414	3.66792
										11.63343	13.46499	3.50032
										11.55921	12.67012	3.40455
										11.69089	12.05481	5.08528
>	10:53:24	51.111103	17.048897	109.50	32	52	65	0.00	7.80	50.00	11.59272	12.70124	4.10366
										12.23676	12.77785	3.74453
										12.57674	12.95503	3.14838
										11.30781	12.75631	4.27844
										12.27507	13.08910	3.68946
										11.64300	12.74912	4.64475
										10.05086	13.27585	4.29520
										11.17613	12.48097	4.49631
										11.51850	12.98376	4.46519
										11.27669	13.67089	1.81002
										10.70926	13.44344	3.48356
										9.73482	12.70603	4.17549
										12.47140	13.63737	3.33033
										12.44027	12.47140	4.28083
										11.38204	13.11544	3.64637
										9.47146	13.69723	3.15316
										11.50414	12.32056	3.57694
										12.63899	12.91432	3.73495
										11.80341	13.04122	2.87783
										11.97101	13.55597	2.84671
										11.16895	11.69567	3.29203
										12.42830	12.62941	4.65672
										10.90798	12.34929	3.11007
										10.32140	11.48020	4.79798
										9.96227	11.94228	4.00550
										11.13783	11.38922	4.96797
>	10:53:28	51.111227	17.048648	110.10	30	50	62	0.00	7.80	50.00	11.95185	11.86088	3.98395
										10.38605	11.90637	6.04296
										12.20085	10.68532	5.20499
										12.44267	12.22479	4.82671
										13.52485	11.08037	3.46920
										12.39957	12.76588	2.59053
										10.86249	11.72201	7.20415
										11.99495	12.58153	4.00789
										13.00770	11.16656	4.15155
										14.13297	10.29028	7.22810
										15.92144	12.38760	3.56018
										10.25915	13.98932	4.07972
										11.14501	12.14579	3.70862
										13.04122	13.69244	3.56497
										12.94066	13.70920	2.67193
										11.74595	12.84010	4.91530
										11.56160	13.18966	3.00951
										10.54406	12.38281	3.93846
										11.28387	12.29662	4.60405
										11.07558	10.97981	5.84903
										11.04685	13.57512	2.87544
										10.67335	13.62780	4.48434
										9.91439	12.05481	4.37660
										9.41400	13.93665	1.31442
										11.31979	14.23832	2.86586
										11.54484	14.62378	5.88734
>	10:53:31	51.111156	17.048458	108.60	29	46	61	0.00	7.80	50.00	8.99980	12.27028	3.75171
										11.57836	12.47140	4.10366
										12.02847	14.09706	2.20506
										12.41394	13.27345	5.30555
										11.73638	13.86482	6.16507
										11.49217	14.51844	3.89058
										10.18015	13.01488	5.39653
										7.39569	12.29423	3.26090
										7.84819	14.21677	3.70383
										11.62864	14.33169	2.96881
										12.88559	13.24712	4.16831
										13.57273	14.87039	2.41575
										13.14177	14.24311	4.30717
										9.67257	12.23198	2.71263
										10.47463	13.56076	5.01346
										11.88242	14.53520	2.61207
										12.67969	14.32451	5.64553
										11.37725	13.49851	5.50666
										10.68772	12.98376	3.77805
										10.10593	13.18966	4.64475
										12.11945	12.41154	5.18584
										11.93749	12.39239	3.62003
										10.47942	14.39873	4.67109
										12.39478	13.67329	4.13000
										11.44907	13.22557	3.92888
										12.16733	12.74194	3.85227
>	10:53:35	51.111177	17.048254	107.70	29	47	60	0.00	7.80	49.90	12.14100	13.89834	2.51391
										11.62624	12.83771	4.57293
										9.71567	13.32134	2.81798
										11.15698	14.03960	5.62398
										12.08354	13.89116	4.56814
										11.31260	13.89116	5.19302
										12.00692	13.46978	2.92811
										12.10987	12.89517	2.82755
										10.91277	13.67807	4.12760
										11.77229	14.45140	4.30477
										11.44189	15.17445	3.06218
										11.16656	13.13698	4.04381
										11.25993	13.23275	2.59531
										12.01889	12.33732	4.37181
										12.38999	12.08354	3.61285
										11.74356	12.50013	3.96959
										11.44668	12.81856	3.70862
										9.40682	12.66772	5.51863
										11.00854	13.88876	3.10289
										13.38598	12.86165	3.64637
										10.97263	13.78342	3.44047
										10.97502	14.80814	5.75087
										10.53209	12.77067	5.46117
										11.65258	12.20803	4.87699
										12.21761	13.75948	5.06374
										11.74117	13.76905	5.09486
>	10:53:38	51.111213	17.048123	107.00	26	43	55	0.00	7.80	49.90	9.21289	13.88398	4.35026
										11.05882	11.85848	8.07325
										11.82017	13.43387	4.12521
										12.30620	13.91510	3.28006
										-2.30083	4.90333	0.00000
										12.19606	13.52006	4.85544
										10.02452	14.59745	3.04542
										10.59913	14.11382	2.81798
										9.47864	14.49450	1.89142
										12.86405	14.33648	-1.02232
										12.04044	16.01721	1.76453
										12.79701	12.73715	3.84509
										9.49301	13.69723	4.70461
										12.14818	12.60547	3.91931
										10.72124	14.60942	2.78446
										10.34535	13.62061	3.36385
										11.76750	13.36683	2.88741
										11.43710	14.27902	2.05422
										12.71321	13.25669	3.43329
										11.84172	13.88637	4.82910
										12.17452	14.69561	3.72538
										10.63983	14.51844	4.03423
										11.05403	13.01967	2.56898
										10.97263	14.44901	3.09810
										9.25598	14.70040	4.03423
										12.00692	14.51365	2.79403
>	10:53:42	51.111256	17.047952	106.30	27	47	60	0.00	7.80	49.90	11.19050	13.48654	3.80678
										12.32535	13.75229	2.41814
										12.57195	13.39795	2.86107
										11.32936	14.05636	4.65912
										10.75236	13.27345	3.81875
										11.00136	13.78102	2.83234
										9.96467	14.66688	1.51314
										10.97502	15.14572	4.25210
										12.42591	12.47618	4.80995
										11.44907	13.91271	4.44843
										12.53125	13.20402	5.04937
										14.12579	13.06276	3.92888
										11.41795	14.85363	3.01430
										9.92875	13.88876	0.97205
										8.56167	13.14656	4.76207
										11.15219	12.84968	2.76530
										11.55921	14.74110	2.94247
										11.54245	13.75469	2.33195
										10.24958	13.42668	5.26964
										12.47140	13.54639	2.96642
										11.39401	13.57752	4.03184
										10.73799	13.41950	3.23696
										12.26789	12.46661	5.84185
										11.26232	13.49851	2.71502
										12.19606	14.31972	2.43011
										10.78588	13.35486	3.80199
>	10:53:45	51.111297	17.047798	109.70	23	45	58	0.00	7.80	49.90	11.55202	13.61822	5.29837
										10.88883	13.14177	2.68390
										11.09234	13.87679	3.33752
										9.73961	14.02284	4.06535
										10.20409	14.58308	3.01909
										10.76912	12.58392	4.89135
										10.98460	13.72117	2.96881
										12.01410	12.34929	4.06296
										11.38922	14.82729	2.22421
										11.31500	12.74673	4.05338
										11.51850	12.96700	2.59531
										11.30781	14.54478	2.11887
										10.95587	13.07234	4.37899
										11.19050	13.03403	2.69827
										13.06276	12.76588	4.66630
										11.72919	12.99333	6.24647
										11.22641	13.29021	1.58496
										11.40837	12.83292	4.56335
										11.14740	13.12741	4.96557
										11.45147	13.69005	3.79002
										10.52012	12.07875	5.67186
										11.69328	16.86715	-3.49553
										11.31260	14.71716	2.41336
										11.36288	10.00297	7.05571
										11.50893	13.50090	4.05099
										10.62307	12.21522	4.54659
>	10:53:49	51.111351	17.047581	110.60	24	48	61	0.00	7.80	49.90	12.25831	12.70124	3.22499
										11.56160	13.73075	1.70707
										12.14339	12.91432	5.37259
										10.28549	13.13938	3.15077
										11.10670	14.08988	3.09570
										10.89122	13.45063	3.42131
										10.90080	13.18247	3.93607
										11.11149	12.57195	4.83150
										12.05959	13.18247	2.98318
										12.15776	12.52168	3.87142
										11.24796	14.57111	2.22182
										11.45386	13.05079	4.84108
										10.79785	12.19606	4.22098
										11.30303	12.88799	4.80277
										12.44506	12.78264	4.11084
										12.73715	12.24395	2.73178
										11.66694	12.13142	3.10289
										11.65976	14.36042	3.28006
										12.72518	12.29901	3.07655
										11.19289	12.56956	4.35026
										8.76278	13.03643	4.16352
										9.94551	11.52329	5.14753
										12.78504	11.01333	6.55293
										11.66216	12.15536	4.49392
										12.49055	12.16973	6.69898
										10.69729	12.95024	4.10127
>	10:53:52	51.111395	17.047386	111.30	26	50	66	0.00	7.80	49.90	11.41795	12.17212	3.79720
										11.72441	13.15614	3.71820
										11.10910	13.15374	4.06296
										10.69490	13.71159	3.80439
										11.66694	14.30536	3.86185
										10.39802	12.26789	5.32231
										11.97819	13.36204	3.61524
										12.19846	12.12424	4.77643
										12.29423	13.80257	3.32315
										10.67096	11.77708	6.08367
										10.61589	13.30219	4.13479
										11.20008	12.81856	5.19781
										11.48259	13.06276	3.28484
										12.27507	12.15536	5.69102
										10.70926	13.14656	3.77566
										11.01333	12.44027	4.63757
										10.88404	13.52245	1.87227
										11.47062	14.17128	3.73735
										11.54005	12.17930	4.95360
										12.19606	13.56555	2.38941
										11.59751	12.89996	2.13802
										12.23198	13.61582	3.61046
										12.27028	13.20402	4.45561
										9.74919	12.97178	3.44765
										10.60871	12.47140	4.13718
										-2.30083	26.00343	5.20978
>	10:53:56	51.111481	17.047143	112.50	29	50	70	0.00	7.80	49.90	10.92474	14.17607	3.50272
										10.94390	12.76588	4.56095
										13.37162	13.20163	4.51546
										11.46104	11.99495	2.88262
										9.30626	13.49851	3.39019
										11.26232	12.71800	5.14035
										10.88644	13.16332	3.98156
										10.14663	13.11065	3.47638
										11.67413	12.16015	4.70221
										12.44027	13.58470	5.44681
										10.94629	12.72758	4.09887
										12.20325	12.86405	3.75171
										11.68849	13.38838	4.27604
										12.12663	12.74434	3.16274
										11.71243	13.37162	2.19309
										10.81461	12.61026	4.37899
										11.77468	12.75870	4.24731
										11.30781	12.55280	3.76608
										11.24557	12.49294	3.48596
										11.46823	12.33253	3.97198
										11.61906	13.23994	3.22020
										11.09952	13.14656	2.59531
										11.26232	12.89517	3.84269
										11.80102	12.76110	4.36702
										11.46823	12.04762	5.26485
										10.37647	12.86165	3.81396
