>	15:14:00	51.413805	17.673816	155.70	22	37	53	0.00	12.00	57.70	-8.85376	-3.51708	-2.79403
										-9.08600	-3.49314	-2.79643
										-8.88249	-3.62243	-2.79882
										-9.03572	-3.46441	-2.78685
										-8.97826	-3.57454	-2.82755
										-9.01896	-3.69665	-2.93050
										-9.06924	-3.69904	-2.89459
										-9.16022	-3.72538	-2.95923
										-9.10994	-3.81157	-3.03345
										-9.12430	-3.67989	-3.04782
										-9.05727	-3.63679	-3.17471
										-8.88009	-3.68946	-3.30639
										-8.80348	-3.63919	-3.35188
										-8.95671	-3.57933	-3.34949
										-8.67659	-3.64398	-3.39737
										-8.89446	-3.43089	-3.37343
										-8.73165	-3.45004	-3.37582
										-8.78911	-3.56497	-3.42610
										-8.80109	-3.55300	-3.38301
										-8.89446	-3.53384	-3.38540
										-8.93756	-3.73256	-3.41653
										-8.87052	-3.70862	-3.36864
										-9.09078	-3.55539	-3.37822
										-8.97107	-3.69665	-3.41413
										-8.91122	-3.67031	-3.40216
										-8.93277	-3.53863	-3.38780
>	15:14:01	51.413644	17.673674	155.60	23	39	55	0.00	12.00	57.60	-8.57842	-3.57215	-3.08373
										-8.53772	-3.63679	-3.03106
										-8.41083	-3.75171	-2.95923
										-8.51618	-3.67749	-2.78685
										-8.60237	-3.69665	-2.69108
										-8.53533	-3.84748	-2.62165
										-8.58800	-3.81875	-2.51391
										-8.69095	-3.74693	-2.48279
										-8.69813	-3.86424	-2.52828
										-8.78672	-3.86664	-2.52828
										-8.85615	-3.87142	-2.51631
										-8.73165	-3.97677	-2.54504
										-9.01656	-4.00550	-2.50673
										-8.95431	-4.05817	-2.42054
										-8.82024	-4.14676	-2.41814
										-8.98065	-4.12760	-2.34632
										-8.76757	-4.16831	-2.19548
										-8.69813	-4.13718	-2.11647
										-8.71011	-4.02226	-2.00874
										-8.57364	-4.03662	-1.80762
										-8.54730	-4.10845	-1.73580
										-8.71489	-4.12521	-1.71904
										-8.53294	-4.18028	-1.63285
										-8.71250	-4.11803	-1.59693
										-8.61194	-4.19704	-1.61369
										-8.84179	-4.26407	-1.69749
>	15:14:03	51.413345	17.673330	155.20	23	40	56	0.00	12.00	57.60	-8.57842	-4.08930	-1.87466
										-8.66940	-4.20422	-2.02310
										-8.54251	-4.28323	-2.03507
										-8.77714	-4.14197	-1.99916
										-8.40365	-4.07014	-1.92015
										-8.64307	-3.94564	-1.92015
										-8.54491	-4.07014	-1.86508
										-8.61673	-4.15873	-1.87945
										-8.52575	-4.11563	-1.89621
										-8.76038	-4.07493	-1.95367
										-8.71489	-4.20422	-1.97043
										-8.79390	-4.14197	-1.90100
										-8.84179	-4.18267	-1.89142
										-8.80827	-4.21619	-1.86029
										-8.70771	-4.14436	-1.80523
										-8.80348	-4.16112	-1.78847
										-8.72447	-4.27365	-1.74298
										-8.78193	-4.24013	-1.72143
										-8.87531	-4.17309	-1.76692
										-8.57842	-4.23774	-1.81720
										-8.82263	-4.11084	-1.85311
										-8.63110	-4.24731	-1.84354
										-8.81306	-4.22577	-1.83635
										-8.52336	-4.15155	-1.73819
										-8.66222	-4.03423	-1.82678
										-8.54969	-4.07493	-1.79805
>	15:14:04	51.413203	17.673134	155.00	25	43	55	0.00	12.10	57.50	-8.68616	-4.15873	-1.51553
										-8.63110	-4.20661	-1.50356
										-8.75560	-4.28083	-1.60412
										-8.63828	-4.21858	-1.62566
										-17.85596	-8.24563	-3.27527
										-8.66940	-4.34069	-1.58975
										-8.87770	-4.32632	-1.52032
										-8.99741	-4.36463	-1.45567
										-8.90882	-4.48195	-1.47483
										-8.95192	-4.39336	-1.45328
										-8.94953	-4.35984	-1.45807
										-8.75799	-4.43885	-1.51074
										-8.87052	-4.28323	-1.53708
										-8.81306	-4.27365	-1.58496
										-8.72686	-4.31675	-1.59933
										-8.58561	-4.14676	-1.54187
										-8.74602	-4.07014	-1.50116
										-8.43477	-4.31196	-1.41258
										-8.75799	-4.17309	-1.32160
										-8.67419	-4.10606	-1.26653
										-8.50420	-4.16112	-1.31202
										-8.72926	-4.13239	-1.41976
										-8.70771	-4.18746	-1.49398
										-8.52096	-4.23534	-1.48201
										-8.78672	-4.08451	-1.47243
										-8.60237	-4.17788	-1.37906
>	15:14:05	51.413061	17.672938	155.20	23	42	56	0.00	12.00	57.50	-8.73644	-4.22337	-1.74537
										-2.30083	32.02724	5.05655
										-8.85855	-4.01986	-1.74537
										-8.51857	-4.30717	-1.69031
										-8.64786	-4.14676	-1.61848
										-8.69574	-4.07493	-1.53468
										-8.56645	-4.23774	-1.50595
										-8.65504	-4.16831	-1.42216
										-8.78193	-4.07972	-1.37906
										-8.47547	-4.22337	-1.44370
										-8.56406	-4.11084	-1.49638
										-8.76996	-4.12042	-1.55623
										-8.44674	-4.26168	-1.51314
										-8.77475	-4.07493	-1.48441
										-8.73405	-4.08211	-1.44370
										-2.30083	5.51624	0.00000
										-8.77475	-3.94325	-1.49159
										-8.66462	-4.10127	-1.55144
										-8.69095	-4.12042	-1.53468
										-8.69574	-3.94086	-1.43173
										-8.80827	-4.01268	-1.50595
										-8.73405	-4.11803	-1.48680
										-8.88249	-3.99832	-1.48919
										-8.68377	-4.11563	-1.57060
										-8.83939	-4.01029	-1.64482
										-8.75799	-3.95283	-1.55863
>	15:14:06	51.412918	17.672737	155.30	23	42	58	0.00	12.10	57.40	-8.95431	-4.17788	-1.51792
										-8.84179	-4.14197	-1.47722
										-9.05966	-4.00789	-1.42216
										-9.10036	-4.24492	-1.43892
										-8.91122	-4.27844	-1.31202
										-9.04290	-4.03902	-1.18992
										-9.07642	-4.22816	-1.27132
										-8.77954	-4.35266	-1.17795
										-9.18655	-4.06775	-0.87388
										-8.70532	-4.21140	-0.62968
										-8.85376	-3.97677	-0.44532
										-8.67898	-3.76129	-0.45011
										-8.64786	-3.88818	-0.35674
										-8.38689	-3.93607	-0.25857
										-8.48026	-3.78763	-0.04070
										-8.52336	-3.96959	0.32322
										-8.44435	-4.01747	0.52194
										-8.22408	-3.88340	0.74939
										-8.21690	-3.65595	1.05105
										-8.35576	-3.80918	1.13964
										-8.41801	-3.93607	1.33357
										-8.49942	-3.84509	1.17555
										-8.60955	-3.79242	1.08218
										-8.61673	-3.86903	1.11330
										-8.81306	-3.92888	1.21147
										-8.99262	-4.13239	1.21865
>	15:14:08	51.412629	17.672321	155.20	23	42	56	0.00	12.10	57.40	-8.94234	-4.11084	-0.84276
										-8.79151	-4.24731	-0.77333
										-8.77236	-4.10845	-0.74699
										-8.68616	-4.05338	-0.68474
										-8.56167	-4.03184	-0.70868
										-8.68616	-3.93367	-0.73741
										-8.69813	-4.20182	-0.74460
										-8.82742	-4.29520	-0.63446
										-8.92798	-4.25689	-0.52912
										-9.05008	-4.27365	-0.54827
										-8.77954	-4.25450	-0.54827
										-9.25119	-4.17549	-0.60573
										-8.89446	-4.40773	-0.66559
										-8.93756	-4.22816	-0.75896
										-9.00699	-3.92410	-0.70390
										-8.71968	-4.07254	-0.70390
										-8.89446	-4.08930	-0.62010
										-8.82263	-4.20901	-0.57940
										-8.83460	-4.30238	-0.58419
										-8.79151	-4.09887	-0.52672
										-8.62152	-3.90734	-0.47166
										-8.27676	-3.83791	-0.48363
										-8.86333	-3.74932	-0.50757
										-8.35098	-4.15873	-0.52433
										-8.55927	-3.87382	-0.53391
										-8.85136	-3.66313	-0.60573
>	15:14:09	51.412483	17.672111	155.20	24	43	57	0.00	12.10	57.30	-9.09318	-4.10845	-0.79009
										-8.95431	-4.04620	-0.83797
										-9.09557	-4.09887	-0.84994
										-8.97826	-4.24731	-0.84515
										-9.13627	-4.10127	-0.78290
										-8.99502	-4.20901	-0.80445
										-8.99741	-4.13000	-0.77812
										-8.80109	-4.04141	-0.68235
										-8.87770	-4.04381	-0.72784
										-8.81784	-4.11084	-0.70868
										-8.96868	-3.98156	-0.70150
										-8.68856	-4.03902	-0.77333
										-8.90882	-3.90255	-0.80924
										-8.99023	-4.01029	-0.85473
										-8.82982	-4.18267	-0.90980
										-8.78911	-3.89297	-0.86670
										-8.80348	-3.76368	-0.84755
										-8.63349	-3.89537	-0.82361
										-8.78911	-3.83072	-0.75417
										-8.60955	-3.92888	-0.76136
										-8.70292	-3.88340	-0.79966
										-8.68616	-3.73256	-0.73981
										-8.89207	-3.91452	-0.65841
										-8.76517	-4.13718	-0.65122
										-8.78911	-3.84988	-0.62249
										-8.79390	-3.82593	-0.67516
>	15:14:10	51.412337	17.671901	155.30	24	43	57	0.00	12.10	57.30	-8.84179	-4.09648	-0.81882
										-9.01417	-4.04381	-0.71108
										-8.91840	-4.03423	-0.73502
										-8.85855	-3.92649	-0.76136
										-9.02135	-3.97437	-0.83079
										-8.91840	-3.99113	-0.82600
										-8.94953	-3.92410	-0.86670
										-8.87291	-4.03184	-0.87388
										-8.91122	-3.92170	-0.75417
										-8.77714	-3.84748	-0.67516
										-8.72208	-3.74453	-0.61770
										-8.73405	-3.60327	-0.57461
										-8.69813	-3.62482	-0.61531
										-8.57364	-3.45723	-0.62249
										-8.73165	-3.33991	-0.65122
										-8.76517	-3.73974	-0.80685
										-8.79630	-3.65116	-0.80924
										-8.84179	-3.40455	-0.70150
										-9.05248	-3.45962	-0.62010
										-9.09797	-3.62003	-0.70150
										-9.23444	-3.83072	-0.86191
										-9.18176	-3.85227	-0.91698
										-8.99502	-3.68946	-0.95050
										-9.29669	-3.62243	-0.79248
										-8.90404	-3.76608	-0.66080
										-9.13867	-3.64876	-0.76854
>	15:14:11	51.412190	17.671696	155.80	23	42	56	0.00	12.20	57.30	-8.94713	-3.87382	-0.55545
										-8.93995	-3.77805	-0.54588
										-9.12670	-3.57933	-0.55785
										-8.95431	-3.75411	-0.59137
										-8.87531	-3.73735	-0.60094
										-9.10994	-3.74693	-0.58658
										-8.92558	-3.92888	-0.54588
										-9.27753	-3.78763	-0.51954
										-9.04290	-3.92888	-0.54827
										-9.04769	-3.84988	-0.60334
										-9.01896	-3.68946	-0.74939
										-8.82742	-3.88818	-0.94332
										-8.78433	-3.89297	-0.95289
										-8.70771	-3.68228	-0.85952
										-8.70771	-3.70383	-0.78051
										-8.75081	-3.79720	-0.61770
										-8.70532	-3.80199	-0.65841
										-8.86573	-3.68946	-0.76854
										-8.97347	-3.75171	-0.87149
										-9.02614	-3.87621	-0.93374
										-9.00699	-3.88818	-0.95289
										-8.94713	-3.87382	-1.03190
										-9.02135	-3.93846	-0.97923
										-8.99502	-3.97916	-0.81163
										-9.09797	-3.94804	-0.71826
										-9.02853	-3.98635	-0.75896
>	15:14:13	51.411904	17.671281	155.90	23	42	56	0.00	12.20	57.20	-8.98065	-3.92649	-0.87388
										-8.78193	-3.93607	-0.91459
										-8.88488	-3.80199	-0.96247
										-8.72208	-3.85227	-1.00556
										-8.59279	-3.82115	-1.02951
										-8.84658	-3.73256	-1.00078
										-8.58082	-3.91213	-1.01514
										-8.65025	-3.77326	-0.98881
										-8.85855	-3.72298	-0.98641
										-8.57603	-3.96240	-0.98881
										-8.87291	-3.88579	-1.00078
										-8.73405	-3.94564	-1.04148
										-8.91361	-3.85227	-1.06063
										-8.74841	-3.84748	-1.04387
										-8.85136	-3.89776	-1.06781
										-8.87531	-3.91691	-1.10373
										-9.01178	-3.89058	-1.14443
										-8.88728	-3.98156	-1.18513
										-8.84897	-3.81396	-1.16358
										-9.05966	-3.79481	-1.26653
										-8.84658	-4.03902	-1.25696
										-8.96629	-3.89537	-1.15640
										-8.92319	-3.92170	-1.16119
										-8.74841	-3.96719	-1.12767
										-8.90404	-3.77087	-1.10133
										-8.70771	-3.97437	-1.14203
>	15:14:14	51.411763	17.671079	156.10	23	42	56	0.00	12.20	57.20	-8.70053	-3.82115	-1.12049
										-8.87770	-3.84030	-1.10612
										-8.68138	-3.99832	-0.99359
										-8.77236	-3.75411	-0.98402
										-8.78193	-3.72298	-1.11809
										-8.70532	-3.87861	-1.13725
										-8.88488	-3.80678	-1.03669
										-8.85855	-3.95043	-1.03430
										-9.04529	-3.98156	-0.99599
										-9.10754	-3.89776	-1.01993
										-8.83221	-4.04620	-1.12288
										-9.05727	-3.99113	-1.15640
										-8.99980	-4.01508	-1.17795
										-8.75081	-3.99832	-1.07500
										-8.75081	-3.79242	-1.00556
										-8.64546	-3.82354	-0.99599
										-8.59040	-4.01268	-0.88585
										-8.62870	-3.91931	-0.78530
										-8.53054	-3.82593	-0.83797
										-8.46350	-3.76368	-0.82600
										-8.66940	-3.80678	-0.83079
										-8.59040	-3.97437	-0.81163
										-8.71250	-3.90973	-0.80445
										-9.05487	-3.87142	-0.94571
										-8.87770	-4.07014	-1.00078
										-8.98304	-3.99113	-1.04387
>	15:14:15	51.411624	17.670878	156.20	23	42	56	0.00	12.20	57.10	-8.75799	-3.78284	-1.19471
										-8.75081	-3.91931	-1.24738
										-8.71729	-3.82833	-1.19950
										-8.65743	-3.77087	-1.23541
										-8.60955	-3.82115	-1.28808
										-8.69095	-3.75171	-1.28569
										-8.65025	-3.88100	-1.32878
										-8.77714	-3.82593	-1.32878
										-8.64786	-3.71341	-1.37188
										-2.30083	5.51624	0.00000
										-8.58321	-3.74453	-1.44131
										-8.77475	-3.82593	-1.37906
										-8.97826	-3.94325	-1.28569
										-8.95431	-3.90973	-1.15640
										-9.14106	-3.92649	-1.21625
										-8.91361	-4.00789	-1.18274
										-8.82263	-4.07493	-1.15401
										-9.21768	-4.02226	-1.19710
										-8.88009	-4.10606	-1.13485
										-8.98544	-3.96001	-0.96726
										-9.08600	-3.95283	-0.85473
										-8.88967	-4.03184	-0.92656
										-8.89685	-3.92410	-1.09415
										-8.92319	-3.84269	-1.25696
										-8.93995	-3.99113	-1.30005
										-8.99262	-3.96001	-1.16598
>	15:14:16	51.411486	17.670677	156.30	23	42	56	0.00	12.20	57.10	-8.76757	-3.86903	-0.72784
										-8.95671	-3.78523	-0.75896
										-8.92798	-3.94564	-0.76136
										-8.84179	-3.78044	-0.72544
										-8.81306	-3.75650	-0.84515
										-8.72447	-3.84988	-0.95289
										-8.95192	-3.75890	-0.92895
										-8.99741	-3.87382	-0.84515
										-8.86812	-3.90494	-0.76614
										-8.94234	-3.68946	-0.85712
										-8.92798	-3.79960	-1.07260
										-8.48266	-3.99113	-1.02711
										-8.85615	-3.69665	-0.90261
										-8.86573	-3.83072	-0.91937
										-8.73644	-3.85706	-0.94810
										-8.88488	-3.58891	-1.06781
										-8.82024	-3.82115	-1.24498
										-8.93037	-4.00071	-1.20428
										-9.01417	-3.96240	-1.00556
										-8.94713	-4.03662	-0.91937
										-9.08600	-4.01747	-0.87867
										-9.10754	-4.02226	-0.94332
										-9.02853	-4.08690	-1.11809
										-9.02135	-3.85706	-1.14203
										-8.88249	-3.81875	-1.20668
										-8.94234	-4.02944	-1.12288
>	15:14:17	51.411348	17.670478	156.50	23	41	56	0.00	12.20	57.10	-9.05248	-3.97916	-0.95529
										-8.98065	-4.09169	-0.97923
										-8.88967	-3.90494	-0.94571
										-8.78911	-3.66313	-0.95768
										-8.70292	-3.82833	-1.01035
										-8.76757	-3.94564	-0.91937
										-8.85136	-3.85706	-0.85712
										-8.75799	-3.92410	-0.79727
										-8.82263	-3.89537	-0.76136
										-8.84179	-3.92410	-0.76614
										-8.82742	-4.06775	-0.86670
										-8.75799	-3.88100	-0.91937
										-8.73884	-3.73017	-0.97923
										-8.81545	-3.85945	-0.97923
										-8.86573	-4.00071	-0.93853
										-8.97586	-4.07493	-1.00796
										-8.90882	-3.92170	-0.92895
										-8.88728	-3.93128	-0.90501
										-8.86573	-4.12760	-0.95529
										-8.71250	-4.07014	-0.93853
										-8.95431	-3.86903	-0.99120
										-8.65265	-3.87142	-0.96726
										-8.67419	-3.75411	-0.92656
										-8.93277	-3.86185	-0.99838
										-8.70771	-4.15633	-1.03430
										-8.84418	-3.88579	-1.06303
>	15:14:18	51.411212	17.670282	156.80	23	40	55	0.00	12.30	57.00	-8.80587	-3.73017	-1.00796
										-8.76517	-3.99113	-1.02472
										-8.81784	-4.04620	-0.96486
										-8.95910	-4.05817	-0.93374
										-8.90643	-4.16352	-0.89304
										-8.94953	-4.09648	-0.87388
										-8.86333	-4.03423	-0.92895
										-17.32923	-8.31746	-1.98240
										-8.69095	-3.98874	-0.93374
										-8.74602	-3.85945	-0.92895
										-8.52575	-3.99592	-0.81642
										-8.80109	-4.06057	-0.74220
										-8.80587	-4.15633	-0.68474
										-8.79630	-4.10366	-0.68235
										-8.87770	-4.05578	-0.72784
										-8.80587	-4.22098	-0.90261
										-8.98783	-4.18746	-1.01035
										-8.61913	-4.10606	-1.09654
										-8.79630	-3.95762	-1.14443
										-8.54251	-3.92888	-0.90022
										-8.83939	-4.01986	-0.71108
										-8.72447	-4.17070	-0.77333
										-8.75560	-3.97198	-0.99120
										-9.05487	-3.89537	-1.25217
										-8.75560	-4.05338	-1.33357
										-8.64546	-3.94564	-1.23780
>	15:14:20	51.410942	17.669896	157.10	23	40	55	0.00	12.30	57.00	-8.74841	-3.85466	-0.79248
										-8.85615	-4.06296	-1.02472
										-8.91601	-4.12282	-0.99359
										-8.81066	-4.12521	-0.99838
										-8.81066	-3.96001	-0.91219
										-8.74602	-3.83312	-0.91219
										-8.56167	-3.91691	-0.97683
										-8.49702	-3.87861	-0.97444
										-8.84658	-3.88818	-0.94092
										-8.52815	-4.14676	-0.83318
										-8.79390	-3.78284	-0.68235
										-8.63349	-3.77087	-0.74699
										-8.69813	-4.16112	-0.99120
										-8.69095	-4.09887	-0.91219
										-8.82263	-3.84030	-0.96486
										-8.61913	-3.73735	-1.02232
										-8.43717	-3.53145	-1.00078
										-8.85855	-3.84988	-1.12049
										-8.82982	-4.09169	-1.02232
										-17.78413	-7.77158	-1.93930
										-8.96629	-3.84269	-1.06303
										-8.79630	-4.13957	-1.04387
										-9.26077	-4.16831	-0.86191
										-8.66701	-4.12042	-0.79009
										-9.03093	-3.77805	-0.93613
										-8.94474	-3.84748	-1.01275
>	15:14:21	51.410807	17.669705	157.40	24	41	56	0.00	12.30	56.90	-8.81545	-3.91452	-1.18513
										-8.84897	-4.06775	-1.00078
										-8.73165	-3.92888	-0.91937
										-9.02135	-3.82354	-0.92177
										-8.85615	-4.08690	-0.94571
										-8.88009	-3.86903	-0.93134
										-8.82024	-3.79002	-1.11091
										-8.86573	-3.89297	-1.25696
										-8.90404	-3.86903	-1.16358
										-8.96868	-3.94564	-1.00556
										-8.93277	-4.01986	-0.88346
										-8.96629	-3.96240	-0.81882
										-8.91122	-4.04381	-0.75896
										-9.10754	-3.97677	-0.77093
										-8.92080	-4.01268	-0.80445
										-9.05008	-3.93607	-0.88585
										-8.80109	-4.03423	-0.94092
										-9.16261	-4.02944	-1.01035
										-8.93995	-4.12282	-0.91459
										-8.98544	-3.84030	-0.86670
										-9.10754	-3.85945	-0.80924
										-8.88488	-4.11084	-0.82361
										-8.95671	-3.81157	-0.87149
										-8.80109	-3.59130	-0.91459
										-8.99741	-3.67031	-0.92895
										-8.79869	-3.67510	-0.94092
>	15:14:22	51.410674	17.669514	157.60	22	41	56	0.00	12.30	56.90	-8.74841	-4.13479	-3.36385
										-8.52336	-4.35026	-4.02465
										-8.08761	-3.96959	-4.56574
										-7.54174	-3.80918	-5.07571
										-6.44998	-4.09169	-4.58011
										-7.62793	-3.59370	-6.67743
										-6.99107	-3.66313	-7.69496
										-4.66391	-3.59609	-7.59920
										-3.71101	-2.53546	-10.23521
										-1.61130	-2.34392	-9.50259
										-1.51792	-2.95205	-9.94791
										-0.54348	-2.58813	-10.37647
										0.82600	-1.35512	-9.35175
										0.33279	-2.88980	-10.91756
										-0.31364	-2.97360	-10.52730
										-0.40941	-3.00233	-10.54885
										-0.27773	-3.28963	-10.25676
										-0.57221	-3.22738	-10.06283
										-1.15161	-3.39019	-10.54406
										-0.38547	-3.41892	-10.13226
										0.07661	-3.22978	-9.88566
										-0.09816	-3.17950	-10.24718
										-0.00239	-3.22260	-9.96706
										-0.13886	-3.28963	-10.18015
										-0.58419	-3.27527	-10.26394
										-0.85473	-3.33273	-10.20169
>	15:14:23	51.410542	17.669324	157.80	22	41	56	0.00	12.30	56.80	-1.32160	-3.91691	-10.36689
										-1.39103	-3.51229	-10.13226
										-1.46286	-3.32555	-10.23042
										-1.40540	-3.53624	-10.30943
										-0.56982	-3.12443	-10.18015
										-0.38547	-3.87142	-10.22564
										0.45250	-4.18985	-9.82820
										-0.21308	-3.99113	-10.57519
										0.15802	-4.38857	-9.93115
										0.27533	-3.59130	-10.18733
										-0.09337	-3.04542	-10.65659
										0.59855	-3.01909	-9.89045
										0.50039	-3.11246	-10.50336
										0.65841	-3.09331	-10.30704
										0.42617	-2.92811	-10.42914
										1.24738	-3.01191	-9.95270
										0.95529	-2.55222	-10.53688
										1.32399	-2.20745	-10.00058
										0.95768	-2.09971	-10.35971
										1.15879	-2.42772	-10.23521
										1.36230	-2.51391	-9.82341
										-0.24421	-2.10211	-10.55843
										-0.71826	-2.24816	-10.34295
										-0.16281	-2.13323	-10.28070
										-0.30167	-1.77171	-10.36450
										-0.13408	-1.47004	-10.57758
>	15:14:24	51.410410	17.669142	158.10	22	40	55	0.00	12.30	56.80	1.09176	-2.06380	-10.42914
										0.14365	-2.11169	-10.95108
										-0.48123	-2.20506	-11.18332
										-0.46687	-2.09971	-11.14501
										-0.50278	-1.46286	-11.32697
										0.49799	-2.08774	-10.76912
										0.87149	-2.59292	-10.41238
										0.67277	-2.53307	-10.51533
										0.29928	-1.94170	-10.82658
										-0.42377	-2.22900	-10.73321
										-0.73263	-2.45885	-10.57758
										-0.48842	-2.49715	-10.46506
										-0.12450	-2.35350	-10.30464
										0.03352	-1.99437	-10.19930
										0.15562	-2.29365	-10.49139
										-0.02634	-2.89220	-10.53449
										0.56024	-2.61447	-10.07241
										1.54187	-2.00874	-10.04846
										0.81642	-2.16196	-10.53449
										0.11732	-1.82199	-10.89841
										0.19632	-1.85072	-10.86010
										1.09415	-1.76932	-10.57279
										1.00317	-1.88184	-10.86728
										1.10373	-1.92494	-10.59434
										1.67355	-1.23062	-10.77391
										1.81720	-0.89543	-10.68293
>	15:14:25	51.410280	17.668968	158.20	22	40	54	0.00	12.40	56.70	1.52750	-2.44448	-10.57279
										1.46525	-2.74136	-10.46506
										0.87867	-2.27449	-11.04445
										0.99120	-1.97522	-10.80743
										1.62806	-2.10211	-10.36689
										1.77650	-2.03028	-10.42675
										1.56341	-1.86748	-10.79306
										1.37906	-1.81959	-10.93432
										1.65918	-2.07817	-10.91038
										2.02310	-2.20267	-10.70448
										2.28646	-2.09253	-10.58955
										2.30562	-1.73340	-10.65899
										2.32477	-1.54665	-10.83376
										2.43730	-1.74298	-10.66617
										2.48997	-1.92733	-10.60871
										2.81319	-2.05662	-10.11550
										2.32477	-1.60651	-10.65180
										2.05901	-2.16675	-10.96066
										1.25696	-2.57856	-10.96066
										0.51954	-2.58574	-10.98460
										0.48123	-2.40857	-10.95587
										1.07021	-1.93930	-10.97023
										1.16598	-2.19548	-10.72124
										0.93853	-2.30562	-10.62547
										0.86670	-2.50912	-10.82419
										0.68714	-2.51391	-11.07318
>	15:14:27	51.410007	17.668660	158.10	22	39	53	0.00	12.40	56.70	1.68073	-2.12605	-10.85292
										1.49159	-2.08296	-10.77391
										0.85712	-2.11169	-10.92474
										0.93134	-2.59531	-10.91995
										1.04866	-2.70545	-10.90319
										1.00796	-1.86987	-10.59913
										0.69192	-1.65200	-10.82658
										0.56503	-2.11408	-10.87686
										0.88346	-2.33435	-10.67096
										0.93613	-2.80600	-10.59913
										0.96965	-2.84671	-10.61589
										1.10612	-2.80122	-10.58955
										1.12767	-2.66953	-10.60392
										0.96486	-2.58574	-10.76672
										0.96247	-2.60729	-10.73081
										1.28808	-2.48279	-10.82897
										1.51553	-2.33674	-10.63504
										1.54665	-2.51631	-10.65180
										1.31202	-2.61207	-10.71645
										1.22823	-2.75573	-10.78109
										1.22823	-2.79164	-10.82897
										1.19231	-2.55940	-10.82658
										1.34075	-2.55222	-10.99417
										1.45567	-2.72460	-10.61350
										1.35991	-2.70545	-10.64701
										1.11809	-2.60489	-10.63983
>	15:14:28	51.409857	17.668539	158.30	22	39	53	0.00	12.40	56.60	1.45328	-2.59771	-10.78348
										1.55384	-2.56180	-10.91517
										1.67594	-2.57377	-10.69969
										1.70946	-2.55940	-10.55604
										1.65200	-2.61207	-10.79067
										1.63045	-2.57377	-10.65420
										1.68312	-2.59531	-10.54406
										1.76453	-2.70305	-10.61350
										1.91057	-2.91135	-10.58716
										2.14999	-3.36385	-10.14902
										1.20428	-4.64475	-10.65899
										1.23062	-4.89135	-10.25437
										1.53229	-4.71179	-10.53928
										1.80044	-3.63679	-10.61110
										1.94888	-2.22182	-10.47463
										1.80523	-2.00155	-10.49857
										1.55623	-2.09014	-10.85292
										1.42934	-2.54504	-10.80743
										1.86269	-2.49955	-10.45787
										2.12845	-1.62566	-10.09874
										1.43652	-1.61609	-10.96784
										1.19471	-1.59454	-10.69729
										1.33596	-1.19231	-10.73560
										1.17555	-1.61848	-10.75715
										1.40540	-1.92973	-10.71645
										1.66876	-1.81720	-10.54885
>	15:14:29	51.409700	17.668443	158.50	22	39	51	0.00	12.40	56.60	1.12527	-0.44053	-10.60631
										0.58658	-0.29449	-10.99657
										-0.02873	-0.71108	-11.03488
										0.29449	-0.50518	-11.12825
										1.20907	-0.45490	-11.07797
										1.65918	-0.95768	-10.81221
										1.76692	-1.41018	-10.58237
										1.44370	-1.72383	-10.55604
										1.12049	-1.65200	-10.68532
										1.11809	-1.18752	-10.85531
										1.31202	-0.72065	-10.99417
										1.51314	-0.59855	-10.83137
										1.65200	-0.68953	-11.00136
										1.66636	-0.95529	-10.96305
										1.76692	-0.89064	-11.08037
										1.96803	-0.46926	-11.20008
										1.87705	-0.88107	-11.20965
										1.78847	-1.20907	-10.79785
										1.60890	-1.03430	-11.15937
										1.49159	-0.86670	-11.01333
										1.50356	-0.90501	-11.18810
										1.58736	-1.07021	-10.95826
										1.76692	-0.90980	-10.96305
										1.87945	-0.72784	-10.69250
										1.87466	-0.60334	-10.82658
										1.75974	-0.76614	-10.75715
>	15:14:30	51.409538	17.668371	160.10	22	39	51	0.00	12.40	56.60	1.53468	-0.88825	-10.50815
										1.41018	-0.71347	-10.37168
										1.53708	0.11732	-10.73321
										1.48680	-0.52672	-9.90242
										1.13006	-0.64165	-10.72602
										0.90261	-0.16041	-10.51533
										0.99838	-0.31843	-10.34774
										1.27132	-0.45011	-10.10593
										1.79086	-0.58419	-10.03170
										2.12845	-1.53468	-9.87848
										2.53067	-2.27449	-9.86651
										2.98557	-2.74376	-9.91918
										3.08134	-3.29682	-10.11550
										3.07655	-2.98796	-10.06283
										3.05740	-3.19865	-10.24479
										3.33273	-3.00472	-10.05325
										3.71341	-2.64080	-9.84496
										3.65834	-2.92093	-10.04607
										3.54581	-3.24893	-10.09395
										3.38780	-3.18429	-10.08438
										3.04542	-3.13162	-10.04607
										2.80840	-3.16753	-9.87369
										2.81319	-3.06937	-10.01255
										2.66235	-3.05261	-9.93354
										2.51870	-3.37343	-9.69652
										2.35111	-3.43089	-9.75158
>	15:14:31	51.409371	17.668315	160.70	22	39	51	0.00	12.50	56.50	2.28407	-3.69425	-9.59596
										2.34392	-3.68707	-9.72525
										2.38941	-3.64637	-9.86172
										2.54743	-3.71820	-9.81623
										2.67911	-3.46680	-10.06762
										2.52109	-3.41892	-10.07480
										2.61686	-3.19626	-9.99100
										2.61207	-3.46202	-10.08198
										2.77009	-3.56497	-10.23282
										2.68629	-3.42131	-10.08677
										2.47800	-3.66073	-10.42196
										2.70066	-3.61764	-10.14423
										2.89938	-3.57694	-9.81383
										3.08613	-3.21302	-9.77553
										3.01191	-3.16274	-9.55765
										3.01909	-3.22978	-9.46428
										2.97120	-3.25851	-9.34218
										2.64559	-3.10528	-9.32063
										2.56180	-3.21781	-9.09557
										2.40138	-3.27527	-9.56723
										1.67594	-3.61046	-9.59117
										1.58257	-3.64398	-9.91918
										1.75256	-3.84030	-9.92636
										1.94409	-4.18985	-10.21606
										2.00634	-4.01268	-10.31422
										2.14042	-3.99353	-10.44351
>	15:14:32	51.409199	17.668276	161.10	23	38	53	0.00	12.50	56.50	1.99916	-3.97677	-10.06522
										2.11647	-3.93846	-10.13944
										2.37265	-4.02944	-10.00297
										2.28886	-3.96719	-10.22085
										2.06859	-4.08930	-10.06283
										2.02071	-4.14676	-9.98622
										2.05422	-4.32632	-10.07241
										2.28886	-4.73334	-10.00776
										2.54025	-4.91051	-9.95749
										2.39181	-4.66151	-9.80904
										2.35829	-4.27604	-9.86411
										2.09732	-4.18028	-9.77313
										2.16196	-3.86903	-10.16817
										2.36068	-3.79242	-9.74919
										1.83875	-3.86664	-9.98622
										1.81480	-3.78284	-9.97903
										2.39899	-3.63200	-9.57681
										2.58334	-3.18668	-9.98861
										2.51152	-3.06458	-9.80426
										2.31280	-2.77727	-9.95030
										1.97522	-2.48997	-10.05325
										2.03028	-2.38223	-10.36450
										2.40138	-2.41336	-10.21606
										2.66953	-2.48279	-10.21845
										2.55701	-2.67672	-10.15381
										2.48758	-2.88022	-10.08917
>	15:14:34	51.408856	17.668216	161.70	23	38	53	0.00	12.50	56.40	1.47483	-1.83635	-9.79707
										1.37667	-1.38624	-9.47625
										1.59454	-1.01514	-9.74919
										3.02627	-1.56102	-19.96285
										1.41018	-0.64643	-10.18493
										1.51553	-0.43335	-10.48660
										1.40061	-0.75178	-10.62786
										1.74777	-0.93613	-10.89362
										2.13563	-1.01514	-10.66856
										2.07577	-1.05584	-10.77391
										1.82199	-0.87388	-11.06839
										1.71664	-0.64643	-10.99896
										1.71185	-0.56743	-10.81700
										1.53468	-0.72784	-10.98460
										1.63045	-0.76614	-10.61110
										3.52426	-1.28329	-21.15038
										1.72143	-0.59855	-10.47703
										1.69270	-0.57461	-10.81700
										1.84354	-0.44293	-10.53688
										1.73819	-0.45729	-10.35971
										1.61130	-0.26336	-10.56322
										1.66397	-0.23703	-10.49857
										1.79565	-0.17478	-10.46745
										1.82199	-0.22505	-10.41717
										1.90339	-0.36392	-10.36450
										1.80523	-0.33040	-10.42196
>	15:14:35	51.408679	17.668193	162.10	23	38	53	0.00	12.50	56.40	1.73101	0.21548	-10.68772
										1.78368	0.08380	-10.80264
										1.61609	-0.22266	-10.91038
										1.50835	-0.50996	-10.85052
										1.61130	-0.41899	-10.92474
										1.75495	-0.29928	-11.00375
										1.86508	-0.30885	-10.76433
										1.94649	-0.05028	-10.85292
										1.88903	-0.07661	-10.81940
										1.73580	-0.07901	-10.92235
										1.62327	-0.08140	-10.86489
										1.51553	-0.13168	-11.07318
										1.58017	-0.25379	-11.04445
										1.72143	-0.23942	-11.17374
										1.44849	-0.44772	-11.23120
										1.56820	-0.49799	-11.14980
										1.70228	-0.52433	-11.14501
										1.66636	-0.58658	-11.24557
										1.58496	-0.74220	-10.94629
										1.71425	-0.70150	-10.74518
										1.68791	-0.67995	-10.88404
										1.51074	-0.82361	-10.62547
										1.24977	-0.70150	-10.55364
										1.20428	-0.62968	-10.53928
										1.55623	-0.54109	-10.48660
										1.51553	-0.48602	-10.66856
>	15:14:36	51.408501	17.668165	161.80	22	38	50	0.00	12.50	56.30	1.88424	-0.74220	-11.45147
										1.81959	-0.93374	-11.32697
										1.74058	-1.04387	-11.36288
										1.79086	-1.30723	-10.98460
										1.98479	-1.31681	-10.58716
										-2.30083	6.12916	0.00000
										1.37188	-1.07500	-10.08198
										1.13964	-0.84515	-9.98861
										1.05105	-0.60813	-10.15141
										1.30963	-0.55306	-10.11071
										1.46046	-0.61770	-9.95988
										1.48441	-0.77572	-9.95270
										1.73340	-0.92656	-9.64624
										1.51314	-0.76375	-9.83059
										1.18274	-0.58897	-10.08677
										1.25696	-0.18675	-10.58237
										1.90818	-0.20111	-10.25676
										2.82037	-0.42138	-10.04368
										3.38540	-0.55785	-9.93354
										4.65433	-0.67756	-9.08121
										5.77003	-0.72305	-8.44196
										5.75806	-0.57700	-8.73405
										5.91368	-0.40223	-9.10275
										5.90410	-0.48602	-9.12909
										5.38217	-0.52672	-9.38527
										5.18584	-0.50757	-9.79228
>	15:14:37	51.408323	17.668136	163.00	22	38	50	0.00	12.50	56.30	5.37259	-0.58179	-8.99023
										5.69581	-0.41899	-8.81784
										5.21218	-0.34716	-9.09318
										5.35822	-0.34716	-8.83939
										5.23133	-0.52912	-8.84658
										4.59687	-0.48842	-9.33260
										3.44765	-0.40941	-10.04846
										2.08774	-0.24421	-10.83855
										1.35272	-0.18196	-10.85292
										0.23942	0.40941	-10.85292
										0.26336	0.28730	-10.74278
										0.41899	0.22984	-10.63504
										0.50039	0.16041	-10.72124
										0.62489	0.15083	-10.60392
										0.40941	0.26576	-10.62786
										0.30167	0.26097	-10.67096
										0.37110	0.27294	-10.59913
										0.33279	0.32801	-10.52252
										0.37350	0.38307	-10.64223
										0.54109	0.36871	-10.73081
										0.42856	0.33040	-10.76194
										0.41899	0.30885	-10.77870
										0.72065	0.28491	-10.67096
										0.67995	0.31843	-10.87446
										0.79248	0.21308	-10.78348
										0.84755	0.30167	-10.76194
>	15:14:38	51.408142	17.668100	163.20	22	38	50	0.00	12.50	56.30	2.56419	-4.87699	-10.34774
										2.88741	-4.79319	-10.39802
										2.64320	-4.18506	-10.14423
										2.43011	-3.65116	-10.25197
										2.59053	-3.59370	-10.12747
										2.53067	-3.53384	-10.01495
										2.57856	-3.38061	-9.96946
										2.58095	-3.48117	-9.80186
										2.48518	-3.56257	-9.61990
										2.29843	-3.41653	-9.62948
										2.32956	-3.48356	-9.37330
										2.18351	-3.44286	-9.42597
										1.94170	-3.42850	-9.10275
										1.87705	-3.15556	-9.29190
										1.84593	-3.22499	-9.10515
										1.94888	-3.25851	-9.35175
										2.02310	-3.30400	-9.39006
										2.07098	-3.40216	-9.72285
										2.36787	-3.55539	-9.83059
										2.57137	-3.68707	-9.76595
										2.46842	-3.69904	-10.18972
										2.29365	-3.67989	-10.15620
										1.88424	-3.67749	-10.47224
										1.23062	-3.78523	-10.46266
										2.65278	-6.59363	-20.80083
										0.09577	-3.28245	-10.29746
>	15:14:41	51.407588	17.668027	163.30	22	38	50	0.00	12.60	56.10	-6.98149	-3.74693	-6.21295
										-8.15226	-3.39977	-5.26724
										-8.76278	-3.05740	-4.01986
										-9.14585	-3.00233	-3.34949
										-9.32781	-2.65996	-2.88262
										-8.84658	-2.81079	-2.61686
										-8.74602	-2.77488	-2.78924
										-8.68616	-2.89220	-2.56419
										-8.59758	-2.99036	-2.70545
										-8.56406	-3.00233	-2.53546
										-8.76278	-2.90417	-2.53067
										-8.83460	-3.01191	-2.45166
										-8.76996	-3.12922	-2.52588
										-8.87770	-3.11486	-2.67911
										-8.84897	-3.11486	-2.77967
										-8.94953	-3.14119	-2.92332
										-9.07402	-3.13162	-3.12683
										-9.10275	-3.13162	-3.34949
										-9.05966	-3.21062	-3.81396
										-8.75560	-3.20584	-4.27365
										-8.93037	-3.28484	-4.52744
										-17.92778	-6.56011	-9.16500
										-8.90164	-3.41174	-4.83629
										-9.05008	-3.43089	-5.33668
										-7.93678	-3.35188	-5.84185
										-7.13233	-3.37582	-6.50505
>	15:14:42	51.407402	17.667998	163.60	22	38	50	0.00	12.60	56.10	-1.67355	-2.66475	-8.87531
										0.65362	-3.29442	-9.41400
										1.50116	-3.91931	-10.09635
										2.12126	-4.24731	-10.60153
										2.19309	-4.07254	-10.34535
										1.64960	-3.96959	-10.14184
										1.60651	-3.77087	-9.67497
										1.58736	-3.13162	-9.78031
										1.39582	-2.74376	-9.86890
										1.44849	-2.36787	-9.22965
										0.85952	-2.13563	-9.89524
										0.54588	-2.70784	-10.61828
										1.09176	-3.48117	-10.36450
										1.63285	-3.54581	-10.45069
										1.70707	-4.12282	-10.86489
										1.78847	-4.05578	-10.92474
										1.98240	-3.23217	-10.69490
										2.04944	-2.22182	-11.04685
										2.14042	-1.83396	-10.88883
										1.97282	-2.80122	-10.69969
										2.11887	-3.49553	-9.78989
										1.40779	-3.19626	-10.53928
										1.02472	-3.50032	-9.82341
										0.84755	-4.00311	-10.45069
										1.24738	-3.95762	-9.87369
										0.97683	-3.93846	-10.27831
>	15:14:43	51.407210	17.667974	163.70	22	36	49	0.00	12.60	56.00	1.12288	-3.50990	-10.45548
										1.08218	-3.46920	-10.47703
										0.71826	-3.52426	-10.40999
										1.13006	-3.27048	-10.50336
										1.26414	-2.82516	-10.27591
										0.79966	-2.19548	-10.50815
										0.42377	-2.48997	-10.52012
										0.81642	-2.94487	-10.59195
										1.43173	-3.44047	-10.26634
										0.79248	-3.51948	-10.32859
										0.36871	-3.60567	-10.44590
										0.47645	-3.24175	-10.72363
										1.16119	-3.33033	-10.59434
										1.46525	-2.89459	-9.43555
										2.04465	-2.63841	-9.66300
										2.34871	-2.77967	-10.09395
										2.21942	-3.15316	-9.20092
										2.00155	-3.78523	-10.24479
										2.03268	-3.67989	-9.56723
										2.44448	-3.10767	-9.61511
										1.42934	-3.24654	-10.28310
										1.25935	-3.84748	-10.33816
										1.33357	-3.92649	-10.29028
										0.84994	-3.70862	-10.15381
										0.22027	-3.25372	-10.46506
										-0.20830	-2.68390	-10.79785
>	15:14:44	51.407015	17.667944	163.80	22	36	50	0.00	12.60	56.00	0.42138	-2.10211	-10.65899
										0.92656	-1.82199	-10.80743
										1.67115	-1.07978	-10.84813
										1.87705	-1.22583	-10.39084
										1.22344	-1.77410	-10.47224
										0.11971	-2.14760	-10.90559
										-0.22505	-1.79086	-11.14501
										0.36392	-1.71904	-10.64701
										0.57221	-2.16196	-10.20409
										0.60094	-2.39660	-10.68293
										0.25139	-2.48518	-10.68053
										0.34477	-2.50433	-10.46027
										0.55067	-2.99993	-10.34774
										0.36152	-2.72939	-10.88404
										0.50996	-3.03824	-10.72602
										0.51954	-2.90656	-10.81221
										0.33040	-2.54982	-10.86010
										0.47645	-2.66235	-10.71645
										0.81163	-1.90100	-10.47224
										0.89064	-1.10373	-10.61828
										0.98641	-0.61770	-10.54885
										0.87628	-1.03430	-10.48421
										0.58658	-1.62566	-10.74518
										0.65362	-1.73580	-10.85292
										0.90501	-1.57778	-10.90798
										1.09415	-1.33596	-10.99896
>	15:14:45	51.406824	17.667914	164.00	22	36	50	0.00	12.70	55.90	0.86910	-2.63362	-11.08515
										1.13246	-2.94726	-10.52730
										1.39582	-2.46124	-10.47703
										1.44610	-1.65439	-10.49857
										1.36709	-1.31921	-10.24958
										1.44131	-1.51792	-10.50576
										1.51553	-2.07098	-10.36689
										1.43652	-2.31040	-10.28788
										1.26893	-2.17394	-10.46266
										1.19471	-1.88184	-10.57279
										1.31442	-1.78368	-10.58477
										1.47962	-1.98958	-10.56801
										1.44849	-2.24816	-10.54167
										1.25217	-2.24097	-10.81461
										1.14922	-2.13323	-10.78348
										1.38624	-2.01831	-10.89122
										1.77171	-1.98719	-10.76433
										1.87466	-2.05901	-10.46745
										1.63285	-2.07577	-10.61828
										1.26174	-2.15478	-10.68053
										1.10373	-2.21942	-10.86249
										1.16358	-2.28167	-10.64701
										1.33596	-2.30322	-10.35732
										1.41737	-2.27210	-10.47463
										1.34794	-2.25534	-10.51533
										1.13485	-2.37744	-10.26873
>	15:14:47	51.406441	17.667869	164.30	22	37	50	0.00	12.70	55.90	1.51074	-2.23618	-10.05086
										1.58257	-2.23140	-10.10114
										1.47722	-2.23379	-9.89045
										1.32160	-2.33195	-10.45069
										1.17555	-2.42533	-10.28070
										1.14203	-2.41575	-10.11550
										1.22104	-2.32956	-10.63744
										1.40540	-2.36308	-10.62547
										1.78847	-2.33195	-10.53209
										2.19309	-2.26731	-10.71645
										2.26970	-2.05422	-10.48421
										2.00634	-1.92254	-10.50336
										1.57060	-1.99676	-11.03488
										1.33836	-2.25773	-11.00136
										1.56581	-2.36547	-11.35570
										2.05422	-2.18591	-11.21205
										2.43011	-1.76453	-10.64941
										2.71024	-1.45089	-10.85531
										2.64799	-1.48441	-10.89601
										2.17633	-1.88184	-10.44830
										1.75495	-2.19069	-10.79067
										1.42455	-2.13563	-10.35492
										1.34315	-1.78607	-10.44351
										1.47722	-1.60651	-10.71884
										1.57060	-1.82199	-10.19451
										1.55384	-2.16436	-10.48660
>	15:14:48	51.406250	17.667849	165.30	22	37	49	0.00	12.70	55.80	1.26653	-2.00634	-9.72285
										1.26174	-2.14520	-10.60631
										1.31921	-2.22182	-10.33098
										1.26653	-2.29125	-10.19930
										1.16837	-2.18351	-10.08917
										0.71826	-1.75734	-10.84095
										0.80206	-1.68073	-11.46104
										1.46765	-1.99198	-10.95587
										1.96085	-1.51074	-11.03009
										1.81720	-1.79805	-11.75553
										1.51074	-2.50194	-11.39640
										1.43892	-2.61686	-11.22402
										1.34075	-2.69827	-11.50653
										1.33596	-2.72460	-11.26472
										1.28090	-2.71502	-10.54167
										1.00796	-2.47560	-10.37886
										0.86670	-2.14760	-10.34774
										0.92895	-2.08535	-9.97424
										0.94332	-1.96085	-10.12268
										0.86191	-1.93451	-9.94791
										1.18513	-1.73819	-9.75637
										1.29526	-1.83875	-9.96946
										0.98162	-2.03507	-9.87608
										0.36871	-1.82438	-10.63504
										0.25139	-1.64721	-10.45548
										0.76375	-1.82438	-10.54167
>	15:14:49	51.406061	17.667827	166.00	22	37	49	0.00	12.70	55.70	1.09415	-1.76692	-10.88883
										1.43413	-1.92733	-10.83855
										1.63524	-1.82678	-10.43872
										1.62327	-1.51074	-10.58477
										1.49159	-1.36948	-10.59913
										1.50595	-1.45089	-10.64462
										1.64960	-1.43892	-10.37168
										3.44286	-2.73897	-20.62844
										1.69270	-1.31921	-10.65659
										1.71664	-1.34794	-10.47224
										1.86029	-1.43173	-10.34295
										1.93212	-1.41018	-10.52730
										1.89621	-1.35033	-10.58955
										1.74537	-1.36469	-10.10832
										1.66636	-1.35991	-10.47224
										1.65200	-1.36948	-10.57279
										1.86508	-1.42934	-10.30704
										1.66876	-1.24259	-10.49857
										1.49159	-1.04627	-10.51055
										1.73580	-1.09894	-10.49857
										2.04225	-1.22344	-10.36211
										2.22421	-1.12288	-10.31422
										2.21464	-1.01514	-10.36211
										2.21942	-0.98402	-10.39323
										2.37984	-0.97205	-10.47463
										2.17154	-1.28569	-10.14184
>	15:14:50	51.405877	17.667802	166.40	22	38	51	0.00	12.70	55.70	1.97043	-1.38624	-10.15141
										2.13084	-1.13246	-9.90242
										2.16196	-1.19950	-9.93115
										1.99437	-1.63524	-9.92636
										1.73819	-1.75016	-9.96946
										1.89142	-1.86269	-9.93594
										1.83396	-1.96564	-10.02213
										2.13323	-1.91057	-10.30704
										2.43490	-1.80044	-10.21606
										2.36308	-1.76213	-10.37168
										2.53067	-1.76213	-10.29267
										2.72939	-1.76692	-10.14663
										2.65756	-1.84114	-10.30943
										2.51631	-1.97043	-10.17775
										2.51152	-1.96564	-9.98861
										2.52588	-1.92494	-9.79228
										2.57377	-1.81480	-9.65582
										2.37744	-1.81002	-9.49062
										2.21464	-1.70707	-9.62948
										2.57616	-1.33596	-9.39485
										2.75333	-1.00796	-9.29669
										2.69827	-1.27611	-9.38288
										2.33674	-1.37427	-9.77792
										2.68869	-1.64482	-9.70370
										2.32477	-1.74058	-9.58878
										1.47483	-1.84832	-10.69011
>	15:14:51	51.405698	17.667777	166.60	22	38	51	0.00	12.70	55.60	2.16196	-2.35350	-10.56082
										1.75974	-2.40138	-10.67335
										1.93691	-2.30083	-10.45069
										2.62405	-2.04465	-10.11790
										2.58095	-1.90578	-10.03889
										2.43730	-1.87227	-9.99100
										2.14281	-2.15718	-10.05086
										1.76692	-2.44209	-10.14423
										1.59214	-2.48039	-10.34535
										1.98719	-2.14042	-10.40759
										2.10450	-2.24337	-10.68532
										2.17394	-2.65996	-10.71166
										2.26491	-2.90417	-10.83376
										2.51391	-2.78206	-10.76672
										2.43490	-2.67193	-10.92235
										2.29365	-2.72460	-11.04206
										2.33914	-2.79403	-10.84573
										2.37505	-2.76530	-10.63026
										2.37265	-2.74376	-10.29267
										2.34153	-2.78446	-10.14663
										2.00634	-2.71742	-10.01016
										1.70467	-2.73657	-9.96227
										1.79326	-2.64320	-9.57441
										1.68791	-2.73657	-9.46907
										1.72861	-2.51152	-9.44273
										1.94888	-2.24097	-9.51695
>	15:14:52	51.405527	17.667735	166.70	22	38	51	0.00	12.80	55.60	1.30245	-2.98557	-11.05882
										1.90578	-2.73418	-10.95587
										2.50433	-2.65756	-10.91277
										2.57137	-2.73418	-10.86728
										2.39660	-2.92093	-11.31260
										2.24576	-3.01430	-11.00136
										2.36068	-2.92571	-10.80264
										2.22900	-2.75573	-9.90242
										2.31519	-2.25773	-10.76194
										2.23858	-2.18112	-10.05325
										2.48039	-2.34871	-9.66779
										2.48518	-2.17633	-9.85453
										2.41814	-2.11887	-9.57202
										2.36308	-2.26013	-10.08438
										2.18112	-2.32238	-9.88805
										2.17872	-2.20985	-9.78271
										2.36068	-2.06141	-9.65103
										2.61207	-2.09253	-10.01495
										2.64080	-2.17633	-9.79228
										2.40857	-2.19309	-10.22803
										2.37026	-2.37984	-10.16099
										2.32956	-2.48758	-10.19451
										2.43969	-2.77488	-10.45548
										2.54025	-3.03585	-10.28549
										2.57377	-3.20105	-10.30943
										2.69827	-3.21781	-10.19930
>	15:14:54	51.405176	17.667642	166.80	22	39	54	0.00	12.80	55.50	2.34153	-2.33435	-10.50097
										2.10450	-1.48680	-10.36450
										2.01113	-2.19788	-10.68532
										1.69509	-3.38301	-10.74518
										1.01035	-3.11964	-10.83376
										1.08218	-2.97839	-10.67814
										1.13246	-2.73178	-10.54167
										-2.30083	6.12916	0.00000
										0.77333	-2.24816	-10.41717
										0.07661	-2.37026	-10.35013
										-0.16999	-2.48758	-10.48900
										-0.78530	-2.10211	-10.35492
										-1.75734	-2.14999	-10.28788
										-2.18830	-2.02071	-10.10593
										-2.81079	-2.03747	-10.32380
										-2.95923	-1.98479	-10.27352
										-2.95444	-1.91297	-10.26873
										-3.38540	-2.00155	-10.17057
										-3.57215	-1.74537	-10.14663
										-4.04859	-1.71185	-9.78031
										-4.94642	-2.02071	-9.28471
										-11.38204	-3.87861	-17.61654
										-6.08606	-1.71904	-8.42280
										-6.42364	-1.74537	-8.13310
										-6.69658	-1.80762	-8.06367
										-6.81869	-1.72861	-8.10677
>	15:14:55	51.405000	17.667586	167.90	22	39	54	0.00	12.80	55.50	-7.77637	-1.61130	-6.88094
										-8.20014	-1.65918	-6.77080
										-8.37013	-1.81480	-6.53138
										-7.97748	-1.76213	-6.67503
										-7.69018	-1.62566	-6.74207
										-7.49625	-1.63763	-6.91206
										-7.35499	-1.64960	-6.96234
										-7.35499	-1.63285	-7.12754
										-7.24007	-1.64960	-7.42921
										-6.38294	-1.83156	-7.71412
										-5.28400	-1.98479	-8.59758
										-3.79242	-1.78368	-9.40682
										-2.48518	-1.90100	-10.01973
										-2.09493	-1.94888	-10.53449
										-1.82678	-1.92733	-10.61589
										-1.46046	-1.78368	-10.65420
										-1.21865	-1.76692	-10.73560
										-0.69432	-1.82917	-10.81940
										0.03112	-1.91297	-10.69969
										0.32561	-1.90578	-10.95587
										0.81403	-1.80044	-10.78348
										1.42216	-1.99437	-10.50097
										1.58975	-2.11408	-10.47703
										1.62566	-2.01592	-10.61350
										1.69988	-2.03507	-10.54406
										2.33914	-1.33357	-10.03410
>	15:14:56	51.404824	17.667527	168.00	22	39	54	0.00	12.80	55.40	3.78523	-1.23062	-9.87608
										3.57454	-1.31681	-9.88805
										3.49075	-1.33836	-10.05325
										2.87304	-1.55863	-10.62307
										1.99437	-1.77171	-11.16177
										4.02226	-3.70622	-21.77287
										2.52109	-1.67115	-10.73560
										2.82276	-1.79805	-10.63983
										3.01430	-1.83156	-10.45548
										2.96642	-2.02549	-10.58716
										2.86107	-2.27689	-10.66138
										2.77009	-2.31280	-10.44830
										2.67193	-2.20745	-10.59674
										2.51391	-2.19309	-10.66617
										2.38223	-2.24816	-10.38605
										2.58334	-2.43011	-10.34295
										2.69827	-2.38702	-10.53449
										2.63362	-2.55222	-9.99819
										2.93769	-1.90818	-10.09635
										2.83713	-2.11169	-10.01495
										2.61686	-2.38223	-9.91678
										2.65038	-2.06620	-10.01016
										2.96163	-1.92254	-9.85214
										2.35111	-2.34153	-10.12029
										2.00634	-2.46363	-10.46027
										2.33195	-2.43730	-10.11790
>	15:14:57	51.404645	17.667471	168.40	22	38	53	0.00	12.80	55.30	1.60651	-2.54264	-10.41238
										2.10211	-2.31759	-10.50576
										2.54982	-2.28886	-10.26873
										2.40378	-2.36547	-10.38126
										2.25055	-2.49715	-10.86010
										2.35350	-2.78924	-10.89122
										2.58574	-2.87065	-10.67814
										2.82276	-2.62883	-10.73321
										2.44927	-2.67911	-10.72124
										2.62883	-2.68869	-10.70448
										2.80840	-2.64080	-10.42914
										2.76530	-2.51631	-10.40520
										2.69348	-2.57377	-10.27352
										2.77967	-2.54982	-10.13944
										2.80840	-2.41096	-10.07720
										2.58574	-2.26970	-9.93594
										2.58813	-2.33914	-10.08677
										2.51631	-2.78446	-9.99100
										2.39660	-2.68151	-10.12508
										2.54025	-2.73657	-10.15860
										2.64320	-2.69587	-10.06522
										2.58095	-2.55461	-9.87129
										2.66475	-2.51152	-10.05804
										2.56419	-2.54982	-9.79947
										2.32238	-2.56898	-9.98861
										2.40378	-2.79882	-10.24958
>	15:14:58	51.404471	17.667404	169.50	22	38	53	0.00	12.90	55.30	2.58574	-2.55222	-10.21366
										2.65756	-2.58574	-10.34535
										2.52828	-2.77967	-10.16339
										2.58813	-2.64320	-10.18972
										2.49236	-2.61207	-10.48421
										2.63602	-2.75573	-10.29028
										2.65278	-2.86586	-10.13226
										2.68869	-2.53546	-10.36929
										2.71263	-2.97839	-10.25197
										2.50673	-2.60489	-10.45308
										2.28646	-2.81319	-10.65899
										2.10690	-2.62165	-10.97742
										1.91297	-1.93691	-10.86249
										1.25696	-1.28808	-10.27352
										0.95289	-1.43413	-10.56561
										0.92177	-1.39343	-11.05403
										-0.02394	-1.68073	-11.37006
										-1.01993	-1.98000	-10.84573
										-1.80283	-1.66876	-10.17057
										-2.50912	-1.39821	-9.26556
										-3.72298	-0.81403	-8.84179
										-5.00628	-0.67277	-8.58082
										-5.64792	-0.88107	-7.77397
										-7.26640	-0.35195	-8.49942
										-7.88411	-0.20111	-7.66863
										-7.74045	-0.38068	-6.03578
>	15:14:59	51.404294	17.667346	169.90	22	38	53	0.00	12.90	55.20	-9.08839	-0.06704	-4.09887
										-9.04529	-0.02873	-3.64637
										-8.82503	-0.02634	-3.52187
										-9.09797	0.03591	-3.92170
										-9.16022	0.48363	-4.80756
										-8.57842	0.84755	-5.23612
										-7.93678	0.73981	-5.57610
										-7.32147	0.47645	-6.40210
										-7.18739	0.72544	-7.56568
										-6.13873	1.20907	-8.43238
										-5.36062	1.12527	-9.19134
										-4.30477	1.14682	-9.47864
										-2.13563	2.03268	-9.30626
										-0.24181	2.54025	-9.89524
										1.08697	2.37505	-9.60075
										2.58334	2.65756	-9.33260
										3.18908	2.53785	-9.20331
										3.50272	2.38941	-9.33978
										4.09169	2.33674	-8.96629
										5.24091	2.91135	-10.11071
										5.83946	2.22182	-8.83700
										6.71095	2.12845	-8.88009
										6.53138	1.52032	-8.42041
										6.75404	1.40779	-7.81707
										7.07008	1.68791	-7.86256
										6.85221	1.43892	-7.88411
