>	15:28:01	51.295223	17.526374	186.70	11	22	22	0.00	21.40	34.60	4.23774	-2.11169	-10.21366
										4.20422	-1.94649	-10.25437
										4.08930	-1.91536	-9.69891
										7.61835	-3.47638	-18.86631
										3.89776	-1.67355	-9.73243
										3.97677	-1.68073	-9.51216
										3.83791	-1.52750	-9.35415
										3.75411	-1.72622	-9.40921
										3.94086	-1.59693	-9.67257
										4.12042	-1.62087	-9.33739
										3.80199	-1.67115	-9.41161
										3.11725	-1.55144	-8.78193
										3.22020	-1.35751	-9.71328
										4.04859	-1.21386	-10.92714
										4.54898	-1.76692	-10.60153
										4.12521	-2.09732	-10.95347
										4.07493	-2.22900	-10.60153
										4.43167	-2.21464	-10.83855
										4.67348	-2.46124	-10.21606
										4.10366	-2.26731	-9.76834
										3.80678	-1.91776	-9.22246
										3.67271	-1.75256	-8.73405
										3.79960	-1.73580	-8.84897
										3.73974	-2.01592	-8.68616
										3.79481	-1.96325	-9.02614
										3.72059	-1.97761	-9.25119
>	15:28:03	51.294961	17.525788	186.40	11	22	22	0.00	21.40	34.60	4.15394	-2.06859	-9.89284
										3.96240	-2.11169	-9.94073
										4.28083	-2.08296	-9.76355
										4.12282	-2.03028	-10.61110
										3.95283	-2.06620	-9.11951
										3.69904	-1.90100	-9.49301
										3.87621	-1.54665	-10.31183
										4.11803	-1.97761	-9.45949
										4.06775	-1.91776	-9.70131
										3.97677	-2.28646	-9.95030
										4.03184	-2.56419	-9.66300
										4.06296	-2.40138	-9.61033
										3.64158	-2.21942	-9.63187
										3.96001	-1.88184	-9.81862
										4.07733	-2.45885	-9.95749
										4.18985	-2.42054	-9.67257
										4.17549	-2.57137	-10.36689
										4.11563	-2.76051	-9.77074
										4.08690	-2.53307	-9.70370
										3.93846	-2.65756	-9.44752
										3.59849	-2.13563	-8.85855
										3.81875	-1.91536	-9.46428
										3.82115	-2.36068	-9.91439
										3.54821	-1.67115	-8.96868
										4.07972	-1.69509	-11.00615
										4.01986	-2.48518	-10.29986
>	15:28:05	51.294699	17.525190	186.10	11	22	22	0.00	21.40	34.60	3.78523	-1.38864	-9.66779
										3.99592	-1.15401	-10.95347
										3.57933	-1.81720	-10.17296
										3.98395	-1.73580	-9.81144
										4.13239	-1.81959	-10.33577
										3.79002	-2.09014	-9.41161
										3.62003	-1.71185	-9.81623
										3.87861	-1.62806	-9.95988
										3.93607	-1.81959	-9.57681
										3.56257	-1.89381	-9.52174
										3.68228	-1.86029	-9.47146
										3.77805	-2.02071	-9.40682
										3.70383	-2.12366	-9.48822
										3.45004	-2.26970	-9.53611
										3.82833	-2.13084	-9.81623
										4.04381	-2.27928	-10.10832
										3.84748	-2.38223	-9.73243
										3.91452	-2.29604	-10.27352
										3.96240	-2.36068	-10.24479
										3.90494	-2.25055	-10.06044
										3.75890	-2.23140	-9.98622
										3.91213	-2.19788	-10.13944
										3.92410	-2.24576	-9.84496
										3.54581	-2.18351	-9.42837
										3.62722	-2.19548	-9.32063
										3.95522	-2.29365	-9.36612
>	15:28:08	51.294290	17.524272	185.90	11	23	25	0.00	21.50	34.60	3.51708	-2.04704	-8.92319
										3.84988	-2.37744	-10.13944
										3.69186	-2.26252	-8.97107
										3.74214	-2.16915	-9.81862
										3.62482	-2.65278	-10.34056
										3.80678	-2.45406	-9.68455
										3.90255	-2.34153	-9.46428
										3.77087	-2.39899	-11.13064
										3.54581	-2.28886	-8.69574
										3.84269	-2.08296	-10.30943
										3.78523	-2.54982	-10.12029
										3.89297	-2.28886	-10.00058
										3.51229	-2.48518	-9.99579
										3.95283	-2.28646	-10.05804
										4.27604	-2.66714	-10.40759
										3.88579	-3.01430	-9.97424
										3.90734	-3.20344	-10.13226
										4.02705	-3.29921	-10.32859
										3.79481	-3.09331	-9.53611
										3.95283	-2.68151	-10.04846
										3.96480	-2.86586	-9.84735
										3.87621	-2.68629	-9.26077
										3.67989	-2.74854	-9.27753
										6.90967	-5.45878	-17.53034
										3.63200	-2.56419	-8.33900
										3.73256	-2.55940	-8.86333
>	15:28:09	51.294154	17.523955	185.90	11	23	25	0.00	21.50	34.60	3.67271	-2.95923	-10.15141
										3.73495	-3.07176	-10.24718
										3.57694	-2.97360	-9.87608
										3.56975	-2.78206	-9.97664
										3.82833	-2.91614	-9.98382
										3.76608	-3.05500	-10.12029
										3.48117	-2.88022	-10.04607
										3.56497	-2.54504	-10.08198
										3.75411	-2.43490	-10.04368
										3.28724	-2.44209	-9.23204
										3.36385	-2.33914	-9.41161
										3.54102	-2.18351	-8.81545
										3.33991	-2.26252	-9.79947
										3.16274	-2.47560	-8.55209
										3.55778	-2.52349	-9.80426
										3.60088	-2.83473	-9.97664
										3.68468	-2.28167	-9.89045
										3.49075	-2.42293	-10.02213
										3.61285	-2.17394	-9.63906
										3.63200	-2.39181	-10.24479
										3.37343	-2.24816	-9.41879
										3.49075	-2.43730	-10.65180
										3.35667	-2.55461	-9.98382
										3.40934	-2.24816	-10.28070
										3.37822	-2.59531	-10.83855
										3.29682	-2.70305	-10.18972
>	15:28:11	51.293875	17.523325	185.80	9	20	23	0.00	21.50	34.60	2.79164	-2.38462	-9.34936
										2.37505	-2.01352	-9.50977
										2.64799	-1.69270	-8.91840
										2.63362	-1.87945	-9.72764
										2.41575	-2.31280	-9.25838
										2.81319	-2.54743	-9.92397
										3.06458	-2.84671	-10.65659
										3.24175	-2.92332	-10.55364
										3.13640	-2.62644	-10.96066
										3.13162	-2.73178	-11.09234
										3.20344	-2.40138	-10.12029
										3.10767	-2.49715	-10.30943
										2.80840	-2.45166	-9.82341
										2.48758	-2.21703	-8.64786
										2.61686	-2.26013	-9.33020
										2.94487	-2.74376	-9.42837
										2.75094	-2.57377	-9.41879
										2.68869	-2.59053	-9.95270
										2.83234	-2.38941	-10.19930
										2.92571	-2.26970	-10.30943
										3.03345	-2.15957	-10.08677
										2.95444	-2.72939	-11.01093
										2.86586	-2.60729	-9.88087
										3.11486	-2.75333	-11.14261
										3.10049	-2.59292	-11.24078
										6.51702	-4.66391	-22.72576
>	15:28:14	51.293460	17.522372	185.70	11	20	23	0.00	21.50	34.60	2.45166	-0.87628	-9.84256
										2.60010	-0.73741	-10.15381
										2.62644	-0.56503	-10.22324
										2.67911	-0.34477	-10.60871
										2.88501	-0.63446	-10.69969
										2.85389	-0.90740	-10.35253
										2.69827	-1.11091	-10.55364
										2.77249	-1.09415	-10.21606
										2.81319	-1.12049	-10.77391
										2.77967	-0.96247	-10.44830
										2.82995	-0.93134	-10.41717
										2.77488	-1.06303	-10.87446
										2.96163	-1.22823	-11.03009
										3.19865	-1.50595	-10.74757
										3.11486	-1.54187	-10.99417
										3.14359	-1.57538	-10.25197
										3.12683	-1.54665	-10.49618
										3.08852	-1.50116	-10.37886
										2.88501	-1.24738	-9.28950
										2.78446	-0.90261	-10.21127
										2.77009	-1.13725	-10.05804
										2.82037	-0.85712	-8.90164
										2.99754	-1.21625	-10.97742
										2.84192	-1.42694	-9.33978
										2.76770	-1.08697	-10.95826
										2.59053	-1.17795	-9.52653
>	15:28:16	51.293190	17.521745	185.60	11	20	23	0.00	21.50	34.50	2.70545	-1.30723	-10.04128
										2.70066	-1.48680	-10.04607
										2.89459	-1.32639	-10.39323
										3.06458	-1.46765	-10.59195
										3.03585	-1.38624	-10.51294
										3.03585	-1.23062	-10.77870
										3.05979	-1.41497	-10.63983
										2.96642	-1.31681	-10.47703
										2.96163	-1.48201	-10.45548
										3.00951	-1.43652	-10.47224
										3.04303	-1.44131	-10.49857
										2.97839	-1.36230	-10.61589
										3.19387	-1.40061	-10.49379
										3.00951	-1.52271	-10.68532
										2.92332	-1.43892	-10.49379
										3.09331	-1.39821	-10.14663
										3.20584	-1.53229	-10.31183
										3.09331	-1.48441	-9.48343
										2.89459	-1.24498	-9.44991
										2.51152	-1.03430	-9.20810
										2.14520	-0.77333	-8.74362
										2.12126	-0.47884	-9.65103
										2.58813	-0.79009	-9.82102
										2.95923	-1.02711	-10.17536
										2.90177	-1.52271	-10.77151
										2.85868	-2.15478	-9.84017
>	15:28:18	51.292966	17.521116	185.30	9	18	21	0.00	21.60	34.50	2.72460	-2.26013	-11.42752
										2.89938	-2.25294	-10.49857
										3.04542	-2.10929	-10.34056
										3.18668	-2.56658	-11.12825
										2.95684	-2.38941	-9.59357
										2.97360	-2.36547	-10.08677
										3.01430	-2.60968	-10.49857
										2.81558	-1.91297	-9.83059
										2.97599	-2.42533	-10.74997
										3.17950	-2.35589	-10.23042
										2.88980	-2.64080	-9.85453
										2.80840	-2.04465	-10.03170
										2.99036	-2.10690	-10.29986
										2.84192	-2.05662	-9.66539
										-2.30083	5.51624	0.00000
										3.22978	-2.56180	-11.05882
										2.97599	-2.85389	-10.01255
										3.18668	-2.60968	-10.02213
										3.43089	-2.70305	-10.00537
										3.15556	-2.49236	-9.89045
										2.65996	-2.08296	-9.25838
										2.73418	-2.13084	-10.02931
										2.96402	-2.29125	-9.36133
										2.76530	-2.50912	-9.56962
										2.77488	-2.58334	-9.99100
										3.14119	-2.80840	-9.95988
>	15:28:21	51.292655	17.520199	185.20	9	18	22	0.00	21.60	34.50	3.27766	-2.65038	-9.50737
										3.38540	-2.64080	-10.56082
										3.16753	-3.03345	-10.26394
										3.25133	-2.71981	-9.36612
										3.01191	-2.55222	-9.79468
										3.05261	-2.71981	-9.53611
										2.92571	-2.77488	-9.86651
										3.34949	-2.64559	-9.30387
										3.16753	-2.97599	-10.67814
										3.21062	-2.60729	-9.09078
										3.12204	-2.73418	-9.88805
										2.96881	-2.20506	-9.66060
										2.97360	-2.44448	-9.64863
										3.33033	-2.43730	-10.40041
										3.09810	-2.53546	-10.11071
										2.93290	-2.23618	-9.60554
										3.19626	-2.39660	-10.00537
										3.28963	-2.77249	-9.54808
										3.32076	-2.75573	-10.08917
										3.26330	-2.93290	-10.34295
										3.35667	-2.86586	-10.03410
										3.62243	-2.72221	-10.51294
										3.37582	-2.71981	-10.35971
										3.53863	-2.52828	-9.59596
										3.33273	-2.79164	-10.26394
										3.33033	-2.76051	-9.49301
>	15:28:23	51.292502	17.519535	184.60	10	19	23	0.00	21.60	34.50	2.19069	-3.28484	-10.41238
										1.98958	-3.75171	-9.65342
										2.39899	-3.49075	-10.68772
										2.21703	-3.66313	-9.78989
										2.57377	-3.35188	-10.94150
										2.72460	-3.80918	-10.24479
										2.79882	-3.33991	-10.09395
										2.39181	-3.51469	-10.25197
										2.15957	-3.04782	-9.68455
										1.88424	-2.82276	-9.68215
										2.08296	-2.78446	-9.98861
										2.17394	-3.17950	-10.47942
										2.25055	-2.99275	-10.08438
										2.35829	-3.24893	-10.78348
										2.51391	-3.00712	-10.44830
										2.49715	-3.20344	-11.01812
										2.33195	-2.89698	-10.47463
										2.33435	-2.86347	-10.41238
										2.29843	-2.94247	-10.90319
										2.20506	-2.90417	-10.15141
										2.14760	-2.88501	-10.23761
										2.14999	-2.88501	-9.90242
										2.08296	-2.83473	-9.64145
										2.23379	-2.88980	-10.40041
										1.97761	-2.93290	-9.89045
										2.10690	-2.74854	-9.38048
>	15:28:25	51.292353	17.518903	184.40	9	17	21	0.00	21.60	34.50	3.11246	-2.43490	-9.77553
										3.04542	-2.58095	-9.93594
										3.05740	-2.69108	-9.89284
										3.41413	-2.81798	-10.11550
										3.28006	-2.81558	-9.82341
										3.22978	-2.68629	-9.29669
										2.99993	-2.69587	-9.75158
										2.94726	-2.57856	-9.61990
										2.98318	-2.64799	-9.96706
										3.31836	-3.08373	-10.60631
										3.55778	-2.85628	-9.81383
										3.49553	-3.13401	-10.93671
										3.45483	-2.99993	-10.05804
										3.57933	-2.51152	-10.05565
										3.28963	-2.64320	-9.97664
										3.35428	-2.50433	-9.59596
										3.27527	-2.81558	-10.04607
										3.34709	-2.64559	-9.11473
										3.19147	-2.57377	-9.32542
										2.98078	-2.71263	-10.36211
										3.04064	-2.30562	-8.41801
										3.48835	-2.42533	-11.35091
										3.64637	-2.82995	-10.83137
										3.54342	-2.21703	-9.53132
										3.68707	-2.54025	-11.34133
										3.79960	-2.80840	-10.02213
>	15:28:27	51.292213	17.518338	184.20	10	18	21	0.00	21.60	34.50	3.73495	-2.56180	-10.14423
										3.41892	-3.01430	-9.31344
										3.49793	-2.89938	-9.48343
										3.76847	-3.25851	-10.91517
										3.42610	-2.76051	-9.90721
										3.21781	-2.17872	-10.36689
										3.63440	-2.03507	-10.73799
										3.61764	-2.01592	-10.08917
										3.29442	-2.16915	-9.95749
										3.13401	-2.27689	-9.61751
										3.33991	-2.29365	-9.46667
										3.29203	-2.42054	-9.62230
										3.26569	-2.37026	-9.30866
										3.29682	-2.21942	-9.85693
										3.52666	-2.28407	-10.03889
										3.45244	-2.28646	-10.21606
										3.38301	-2.47321	-10.74039
										3.53624	-2.43490	-10.38365
										3.59849	-2.52828	-10.74518
										3.56018	-2.66714	-10.50097
										3.41892	-2.43969	-9.86890
										3.45962	-2.26731	-10.01016
										3.49075	-2.58334	-9.13388
										3.51469	-1.88903	-9.42597
										3.58173	-1.98479	-8.82263
										3.31358	-2.14042	-9.22246
>	15:28:30	51.292082	17.517789	184.30	10	18	21	0.00	21.70	34.50	3.39258	-2.23379	-9.97903
										3.33033	-2.46124	-10.11311
										3.40216	-2.16675	-10.27352
										3.37822	-2.40138	-10.55125
										3.51229	-2.35829	-10.33577
										3.44765	-2.32716	-10.42914
										3.40934	-2.25294	-10.27591
										3.33273	-2.44927	-10.11071
										6.59363	-5.22415	-19.17277
										3.38061	-2.23618	-9.99340
										3.47878	-2.16436	-9.56244
										3.56497	-1.92015	-9.57202
										7.10599	-4.31435	-19.70428
										3.53145	-1.97761	-9.39245
										3.40695	-2.12126	-9.85932
										3.58173	-1.97282	-9.74440
										3.35907	-1.90818	-10.36211
										3.83791	-1.80283	-9.77792
										3.51229	-1.93930	-10.44351
										3.71580	-1.86987	-9.56723
										3.79720	-1.89142	-10.19691
										3.31118	-2.41575	-9.50498
										3.41892	-2.20267	-9.65582
										3.30160	-2.25055	-10.01734
										3.41653	-2.71024	-9.26317
										3.14119	-2.88741	-10.41957
>	15:28:32	51.291883	17.516981	184.20	9	17	18	0.00	21.70	34.50	4.30477	-0.45490	-9.70131
										4.14676	-0.61292	-9.82820
										4.10606	-0.51475	-9.74440
										4.25450	-0.30885	-9.80904
										4.26407	-0.36392	-9.84735
										4.27844	-0.21308	-9.99340
										4.42688	-0.32082	-10.02213
										4.42688	-0.55785	-9.86890
										4.52744	-0.62728	-10.07480
										4.43406	-0.76136	-10.01255
										4.23055	-0.87388	-9.53371
										4.26407	-0.95529	-9.34218
										4.37421	-1.17555	-9.78031
										3.96480	-1.19950	-9.01896
										3.84988	-0.85952	-9.87129
										4.06775	-0.90980	-9.27035
										4.29759	-0.73502	-9.68694
										4.46519	-0.78769	-10.47224
										4.37660	-0.94332	-10.38126
										4.31196	-0.68235	-10.75236
										4.81235	-0.41420	-10.26873
										4.81235	-0.69432	-10.47703
										4.31435	-1.32160	-9.84256
										3.90015	-1.47962	-10.02213
										4.21140	-1.00317	-9.19613
										4.23055	-0.38307	-9.33499
>	15:28:34	51.291737	17.516460	183.80	8	14	16	0.00	21.70	34.50	3.96001	-0.69432	-9.99100
										3.77087	-1.25696	-10.07001
										3.79002	-1.35512	-10.36211
										3.99832	-0.83079	-10.18972
										4.28562	-0.58179	-10.50815
										3.76847	-1.00317	-9.74201
										3.92410	-1.12288	-10.34774
										4.04381	-1.37906	-9.68933
										3.55060	-1.58736	-10.20888
										3.58412	-1.80523	-10.23761
										3.76608	-1.40061	-9.72525
										3.87621	-0.96007	-10.36929
										3.70383	-0.96965	-9.86890
										3.66073	-0.82121	-10.40759
										3.78763	-0.79248	-9.71567
										3.84030	-0.83558	-10.38365
										3.69665	-1.22104	-9.99340
										3.59609	-1.26414	-10.00776
										3.70144	-1.16119	-10.17296
										3.70144	-1.22104	-10.25915
										3.56018	-1.19710	-9.90242
										3.71580	-0.88346	-10.22085
										3.63440	-0.97444	-10.22085
										3.44286	-1.15640	-9.81383
										3.70144	-1.07260	-10.24718
										3.61046	-1.27132	-9.98861
>	15:28:37	51.291584	17.515936	183.30	8	14	16	0.00	21.70	34.50	3.61764	-0.91937	-10.15620
										4.16112	-0.66319	-11.08755
										4.44124	-0.78051	-10.55364
										4.12760	-0.64643	-10.95108
										3.98156	-0.57221	-10.21366
										3.99832	-0.43814	-9.71088
										3.89058	-0.31125	-9.90960
										3.60567	-0.54348	-9.07163
										3.73017	-0.38786	-9.54329
										3.71580	-0.63686	-9.19373
										3.71101	-0.65362	-9.87129
										3.70622	-0.69432	-9.73722
										3.66313	-0.59137	-9.76116
										3.99113	-0.37589	-10.09156
										4.06775	-0.60573	-10.15141
										4.03662	-0.78051	-10.33337
										4.09648	-0.84515	-10.30704
										4.21380	-0.66798	-10.54406
										4.19704	-0.62010	-10.15381
										4.10366	-0.33758	-10.76912
										4.07972	-0.22984	-10.06044
										3.99832	0.11253	-10.04128
										4.03184	-0.03591	-9.97185
										3.93846	-0.36871	-9.82341
										4.06775	-0.28730	-10.11550
										4.12042	-0.39265	-10.34295
>	15:28:39	51.291420	17.515114	182.50	9	16	19	0.00	21.70	34.50	3.62961	0.12929	-10.04368
										3.86185	0.82839	-10.47942
										3.98635	0.79248	-10.27831
										3.83312	0.65122	-9.91439
										3.64876	0.67516	-10.11550
										3.68228	0.37350	-9.39485
										3.57694	0.33758	-9.92397
										3.54821	0.23463	-9.62230
										3.53145	0.19872	-9.44273
										3.54102	0.29688	-9.75877
										3.65595	0.23463	-9.56723
										3.46441	0.31843	-9.86411
										3.70144	0.14605	-9.50977
										3.85227	0.17478	-9.57681
										3.80199	0.19632	-10.00297
										3.74453	0.00958	-9.92875
										3.86664	0.24660	-10.12268
										4.09648	0.46208	-10.18972
										3.99592	0.20351	-10.24718
										3.52187	-0.33758	-10.04607
										3.40695	-0.85712	-10.43393
										3.50272	-0.64165	-10.31901
										3.48117	-0.71347	-10.25676
										3.74932	-0.10056	-10.24479
										3.63440	-0.97683	-10.42196
										3.66552	-1.48441	-10.68053
>	15:28:41	51.291308	17.514586	181.90	10	16	19	0.00	21.70	34.50	3.72059	-1.85072	-9.99100
										3.73017	-1.82678	-10.12747
										3.80918	-1.81480	-10.01734
										3.71820	-1.93691	-9.70849
										4.16352	-1.93451	-9.78750
										4.29759	-2.41096	-10.05804
										3.82833	-3.01191	-9.76834
										3.54342	-3.18429	-9.38527
										3.44765	-3.20584	-9.58878
										3.87621	-3.36146	-9.58399
										3.80199	-3.41653	-9.97664
										4.00071	-2.90656	-10.17057
										3.84509	-2.60968	-9.62230
										3.76847	-2.35350	-9.72764
										3.99592	-2.19788	-9.53132
										3.89297	-2.38223	-9.71806
										3.90015	-2.34632	-9.83778
										3.81396	-2.38702	-9.98861
										3.89297	-2.30322	-10.01734
										4.02465	-1.88424	-10.25437
										8.30788	-2.97839	-20.30283
										4.20182	-1.22344	-10.34056
										4.31675	-1.09415	-10.25437
										4.23295	-1.16119	-10.02692
										4.35745	-1.28090	-10.38844
										4.43167	-1.54426	-10.52252
>	15:28:43	51.291180	17.514097	180.40	9	15	18	0.00	21.70	34.50	4.60405	-2.05662	-10.07959
										4.46040	-2.25534	-10.17775
										4.62560	-2.31759	-10.08198
										4.74291	-2.03507	-10.23521
										4.72137	-2.11408	-10.13466
										4.51786	-2.16436	-9.86172
										4.25450	-2.00634	-9.32302
										4.38139	-2.00395	-9.32302
										4.49392	-2.10211	-9.42597
										3.95522	-2.43969	-9.08839
										4.54659	-1.79565	-9.93354
										4.44603	-1.70467	-9.75877
										4.48673	-1.69509	-10.13944
										4.70221	-1.58496	-10.36211
										4.67109	-1.59933	-10.39084
										4.70221	-1.59693	-10.26394
										4.58011	-1.63045	-10.14423
										4.76925	-1.64242	-10.20648
										4.57293	-1.76692	-9.83059
										-2.30083	5.51624	0.00000
										4.38857	-1.58975	-9.47625
										4.17788	-1.59214	-9.10994
										4.25689	-1.52032	-9.13867
										4.35266	-1.56820	-9.27035
										4.16591	-1.59214	-9.47386
										4.38857	-1.29526	-9.94791
>	15:28:46	51.290907	17.513443	178.40	9	15	16	0.00	21.80	34.40	3.94325	-0.56982	-9.34936
										4.12042	-0.36871	-9.40682
										4.29280	-0.51715	-9.70609
										4.31196	-0.83079	-10.18015
										4.08211	-0.48363	-9.93594
										4.38139	-0.02634	-10.35253
										4.71418	0.24900	-10.38605
										4.27126	0.19154	-10.02452
										4.55138	0.26336	-10.18493
										4.61363	0.24421	-9.94312
										4.35984	0.01437	-9.69652
										4.18028	-0.29688	-9.31823
										4.23055	-0.51236	-9.40921
										4.33590	-0.60813	-9.62708
										4.22577	-0.39025	-9.41640
										4.25689	-0.11732	-9.45710
										4.25450	-0.01915	-9.95270
										4.23295	0.08619	-10.35971
										4.15394	-0.00239	-10.10832
										4.24731	-0.14365	-10.02931
										4.45082	-0.16759	-10.34535
										-2.30083	26.00343	5.20978
										4.22337	-0.33758	-10.26873
										4.00071	-0.28252	-9.74440
										4.09648	-0.18435	-9.70131
										4.32393	-0.21548	-9.85453
>	15:28:48	51.290682	17.513102	177.30	10	17	18	0.00	21.80	34.40	4.98233	0.74699	-9.88566
										5.19063	0.84515	-8.95671
										5.36062	1.18034	-9.21768
										5.43963	1.04148	-9.37569
										4.85305	0.74939	-9.79228
										4.98473	0.83318	-9.09557
										5.35822	1.15401	-9.36372
										5.13317	1.02951	-10.03170
										5.04458	0.83318	-9.22725
										5.18584	1.05105	-9.37330
										4.73094	0.76375	-9.88326
										4.71179	0.84036	-9.84735
										4.79319	0.66319	-9.77313
										4.64715	0.29928	-9.66539
										4.43167	-0.08859	-9.39964
										4.52265	-0.62968	-9.65103
										3.82115	-1.39343	-9.67257
										4.02226	-1.38864	-9.06684
										4.34548	0.05507	-9.99819
										4.70221	1.11091	-9.36372
										4.83389	0.67756	-9.23204
										4.60405	0.61052	-10.01495
										4.60166	0.39744	-9.74679
										4.62081	0.32322	-9.94073
										4.61841	0.04549	-10.04846
										4.46997	-0.78051	-10.29028
>	15:28:50	51.290430	17.512780	176.70	10	17	18	0.00	21.80	34.40	4.37421	-1.18992	-9.83778
										4.07972	-1.65918	-9.87848
										4.08930	-1.66158	-10.40041
										3.84269	-2.02549	-9.77313
										4.24971	-1.54426	-9.46428
										4.97036	-1.05824	-9.52892
										4.67109	-1.47243	-9.68215
										4.55856	-1.25935	-9.74201
										4.90333	-1.01035	-9.14585
										4.86981	-0.63686	-9.39724
										4.98712	-0.70150	-9.30387
										4.37660	-0.97683	-9.84975
										4.27604	-1.29047	-9.77792
										4.21858	-1.21386	-9.42358
										4.55856	-1.05584	-9.89284
										4.31435	-1.08936	-10.31901
										4.01747	-2.04704	-9.70849
										4.05099	-2.31280	-10.45069
										4.18506	-2.23140	-9.65342
										3.91691	-2.23140	-9.85932
										3.93846	-2.15239	-9.53132
										3.83791	-2.03507	-9.40682
										3.79960	-1.85072	-9.51456
										3.71101	-1.91057	-9.24641
										3.64876	-2.07817	-9.25598
										3.74453	-2.02789	-9.38766
>	15:28:53	51.290011	17.512308	177.00	10	17	19	0.00	21.80	34.30	3.84030	-2.20506	-9.38048
										3.99113	-1.70946	-9.59596
										4.00789	-1.72622	-9.41640
										4.09648	-1.64003	-9.16261
										3.98395	-1.69749	-9.88087
										3.90015	-1.89621	-9.60554
										4.18506	-1.82917	-9.43794
										4.27604	-1.38864	-10.16578
										3.86664	-1.95846	-9.74440
										3.77566	-1.95367	-10.36450
										3.94325	-2.00874	-9.94791
										4.05338	-1.59693	-9.47864
										4.36463	-1.02472	-9.50737
										4.13239	-1.21386	-9.80426
										4.05578	-1.21386	-9.64624
										4.40054	-0.98402	-9.53611
										4.14676	-1.21386	-9.89045
										3.97198	-1.53708	-9.81623
										3.97916	-1.38864	-9.38048
										4.19464	-1.25217	-9.78510
										3.93367	-1.63285	-9.61272
										3.88100	-1.81480	-9.38766
										3.92649	-1.71185	-9.89524
										3.82354	-2.14520	-9.47864
										3.39498	-2.65996	-9.80426
										3.52666	-2.43490	-9.21049
>	15:28:55	51.289712	17.511978	176.10	10	18	19	0.00	21.80	34.30	3.59130	-1.42455	-9.40203
										3.63200	-1.53708	-10.14663
										3.58173	-1.78129	-9.92636
										3.44526	-1.93691	-10.03170
										3.53863	-1.86987	-10.29507
										3.63679	-1.79326	-10.05565
										3.70383	-1.81002	-10.16339
										3.71580	-1.90100	-10.33816
										3.63679	-1.95606	-9.73722
										3.50511	-1.88663	-10.02452
										3.64637	-1.90339	-9.34218
										3.39498	-1.94649	-9.34218
										3.51229	-2.05183	-9.91439
										3.46441	-2.11408	-9.21049
										3.52426	-2.21464	-9.90002
										3.60327	-2.22661	-9.67497
										3.43329	-2.16196	-9.26317
										3.44526	-2.17154	-9.83778
										3.52905	-2.07338	-9.70849
										3.36625	-1.85072	-9.41879
										3.51708	-1.62327	-10.53449
										3.75890	-1.54665	-9.61990
										3.66552	-1.41258	-10.71405
										3.75890	-1.81241	-9.63906
										3.47638	-2.14281	-10.76912
										3.68468	-2.27210	-10.12987
>	15:28:57	51.289403	17.511639	176.00	10	18	19	0.00	21.90	34.30	3.46680	-2.03268	-10.00776
										3.43568	-2.13802	-10.71645
										3.73735	-2.51152	-10.30943
										3.60567	-2.82276	-10.94868
										3.32315	-2.98557	-10.04128
										6.31112	-6.45956	-20.40817
										3.45483	-3.16992	-9.55047
										3.33991	-2.83952	-9.72046
										2.97839	-2.65038	-9.84017
										3.18189	-2.48518	-9.30147
										3.28724	-2.63602	-9.31584
										3.06937	-2.65756	-9.75637
										3.33273	-2.77488	-9.68933
										3.62722	-2.83952	-9.88087
										3.28245	-2.77009	-10.43633
										3.30400	-2.65996	-9.95509
										3.35428	-2.33435	-10.45548
										3.37343	-2.18591	-9.98861
										3.17232	-2.13323	-10.38844
										3.37343	-2.36308	-10.21127
										3.50272	-2.75094	-9.67736
										3.29682	-3.17950	-10.07959
										3.30160	-3.58412	-9.91918
										3.07894	-3.79481	-9.57920
										2.79882	-3.79720	-9.31584
										2.67672	-3.68707	-9.56244
>	15:28:59	51.289081	17.511284	175.70	10	18	19	0.00	21.90	34.30	3.12922	-3.66552	-11.00375
										2.92093	-3.64876	-11.59033
										3.20584	-3.26809	-11.09952
										3.15316	-3.40455	-10.20648
										2.86107	-3.42371	-9.78031
										2.67193	-3.62003	-8.98065
										2.52349	-3.87621	-9.20092
										2.76530	-3.93367	-9.27035
										2.74854	-3.92170	-9.50019
										2.70066	-3.94564	-10.09395
										3.11725	-4.03662	-9.69652
										3.09810	-3.79481	-10.02452
										2.83234	-3.78284	-9.25359
										2.55461	-3.67749	-9.69891
										2.70305	-3.64876	-8.73884
										2.53785	-3.86185	-9.00938
										2.62165	-3.85706	-9.45710
										2.73178	-3.84748	-9.33020
										2.58813	-3.69186	-9.56244
										2.15957	-4.46997	-9.20810
										2.57616	-3.95762	-9.80186
										3.15077	-3.10049	-9.67976
										2.88262	-3.84509	-9.80426
										2.74376	-3.79720	-10.19451
										3.15556	-3.45723	-10.32859
										2.61926	-3.37582	-9.93833
