>	11:17:00	51.131988	17.057212	113.20	11	15	17	0.01	7.50	34.50	2.60010	3.59130	13.29740
											-3.85466	2.19309	9.57202
											-0.24900	1.52750	10.50097
											2.46124	1.84832	12.48816
											2.30322	1.87705	9.92157
											1.77650	1.37906	7.37893
											1.99676	1.07739	6.44040
											0.18196	0.70868	9.68215
											-1.08697	0.78051	12.14339
											1.53708	0.99599	10.38126
											1.74298	1.13485	11.27669
											1.02472	0.82839	9.66779
											1.06781	0.54588	7.55610
											8.19775	2.65756	20.70027
											9.93115	5.30555	24.72253
											4.19943	4.08451	13.94862
											0.88107	3.84988	7.41245
											-4.32872	0.65122	5.36780
											-1.50356	0.05746	2.45166
											-1.07739	-0.49799	2.34632
											-0.55067	0.09577	3.19865
											-1.25456	-1.24498	3.01191
											-2.30801	-2.35111	4.82671
											-0.44532	-1.47962	5.09007
											2.42293	-0.28252	14.50407
											1.54187	1.68073	21.63880
>	11:17:01	51.131997	17.057199	113.40	9	14	15	0.01	7.50	34.50	0.94810	1.42216	8.21211
											1.21625	0.02873	8.03973
											1.40779	-0.67516	9.19373
											2.05422	-0.50278	9.05008
											1.87705	-0.74699	9.63906
											2.53307	0.42138	11.76032
											2.32716	0.17238	12.56956
											2.12605	1.01035	10.92235
											1.07739	0.51715	8.82503
											0.70390	0.20590	7.40287
											0.68474	-0.31603	7.29274
											1.36948	-0.53151	7.73806
											4.02705	0.61770	16.10819
											2.98796	1.00078	14.85842
											1.91536	0.84755	10.16578
											1.04387	0.12929	7.54174
											0.34477	0.22027	8.18338
											3.17471	0.69911	12.10030
											2.40857	0.59376	12.67490
											3.09331	0.90501	9.33260
											2.22182	1.04387	9.75877
											2.90177	1.52271	9.23683
											2.20745	0.32561	9.96467
											2.73418	0.84276	9.73482
											2.72939	0.87149	10.58716
											3.53384	1.45089	12.11466
>	11:17:02	51.132004	17.057190	113.20	9	14	15	0.01	7.50	34.40	2.48518	1.48441	15.17445
											-0.27294	0.76614	10.29986
											-5.75566	-4.66869	10.04607
											-0.32082	-1.36469	6.35421
											0.89064	-0.35913	6.99586
											4.29520	1.78607	14.83447
											3.99832	2.26970	12.98615
											3.91213	1.81002	9.27993
											3.13162	1.12527	7.58483
											3.60088	1.16358	9.99340
											3.95043	1.65679	11.77468
											3.58173	0.80924	10.23282
											3.31358	0.37828	9.08839
											2.06380	0.03352	9.06924
											-4.19943	-2.55701	12.16254
											-1.03908	-0.83318	12.28704
											1.88184	0.20111	9.32302
											2.22182	1.08218	9.30866
											3.13162	1.09176	9.19373
											2.97360	1.68552	10.24718
											3.18429	1.18752	10.09874
											-1.69988	-1.31681	9.86411
											-1.39821	-0.86670	9.85453
											1.83396	-0.13408	10.57279
											2.36547	0.83318	10.24718
											2.55701	1.08697	8.64307
>	11:17:03	51.132014	17.057173	113.90	9	14	15	0.01	7.50	34.50	0.06225	0.98162	9.32302
											0.95768	1.96803	10.77870
											0.72305	1.38864	10.48660
											0.30167	1.16358	9.55287
											0.20111	1.01035	9.83059
											0.46448	0.89064	10.33816
											0.27294	0.87149	10.45787
											0.08619	1.23541	10.06522
											-0.02394	1.37427	9.82580
											-0.16281	1.71904	10.09874
											-0.17717	1.76692	10.45787
											-0.20111	1.49877	10.18972
											-0.31125	1.18274	9.85453
											-0.27294	1.23062	9.96946
											-0.38786	1.35512	10.24718
											-0.61292	1.30723	10.05565
											-0.73741	1.18274	9.95030
											-0.66080	0.99599	10.09395
											-0.69432	0.77093	10.03649
											-0.67516	0.65601	9.97903
											-0.54588	0.66080	10.32380
											-0.40701	0.85234	10.15620
											-0.65122	1.18752	9.59117
											-0.79009	1.36948	9.78271
											-0.78051	1.73340	10.25197
											-0.75178	2.03507	10.29986
>	11:17:04	51.132014	17.057166	114.40	9	14	15	0.01	7.50	34.50	-0.57940	0.90022	10.24718
											-0.37828	0.46448	10.20888
											-0.15323	0.25857	10.06522
											-0.00958	0.35913	10.08917
											0.11013	0.78530	10.11311
											0.22027	1.41737	10.11311
											0.17238	1.99198	10.04128
											0.28730	2.44209	10.16099
											0.56024	2.88262	10.34295
											0.99599	2.72460	10.27112
											1.47962	2.59053	10.24239
											1.70946	2.48518	10.30943
											1.79086	2.05901	10.26155
											1.58017	1.71425	10.07959
											1.24977	1.79565	9.73004
											0.90980	1.89621	9.49540
											0.69432	1.88663	9.39964
											0.48842	1.97761	9.18416
											0.22505	1.96803	9.03093
											0.05267	1.86748	8.95910
											-0.10534	1.82438	8.98783
											-0.17717	1.82917	8.90164
											-0.11971	1.72383	8.86333
											-0.22027	1.65200	8.94953
											-0.33998	1.79086	9.18895
											-0.37350	1.67115	9.48583
>	11:17:05	51.132012	17.057152	114.40	9	14	15	0.01	7.50	34.50	0.26815	1.69031	9.93115
											0.37350	1.68552	10.00776
											0.84276	2.40378	9.79707
											0.65122	2.35589	10.32380
											0.86191	2.79643	10.48660
											0.88107	2.87783	10.58716
											0.93374	2.99754	10.91756
											0.82361	2.59531	11.12346
											0.78051	2.60489	11.08037
											0.52672	2.27449	11.01812
											0.34955	2.10211	10.84573
											0.15323	1.97761	10.42914
											-0.08140	1.82917	10.29028
											-0.20111	1.74298	9.89763
											-0.30646	1.65200	9.48104
											-0.18196	1.74777	9.13148
											-0.15802	1.61369	8.94474
											-0.07183	1.54665	8.85376
											-0.14365	1.22104	9.16500
											-0.31125	1.23541	9.39006
											-0.45490	1.08697	9.83059
											-0.17238	1.00078	10.44830
											0.43096	1.27850	10.75954
											0.81403	1.54665	11.15698
											1.02951	1.73340	11.68849
											1.01514	1.93930	12.13381
>	11:17:06	51.132015	17.057135	114.10	9	14	15	0.01	7.50	34.50	0.51236	3.27527	9.56723
											0.62249	3.45723	10.01734
											0.67995	3.53384	10.21366
											0.70868	3.03106	10.31901
											0.71826	2.65756	10.30464
											0.71826	2.43251	10.13226
											0.82361	2.38941	9.80186
											0.84276	2.52349	9.32781
											0.65601	2.84431	8.74841
											0.33040	3.06937	8.37492
											-0.03831	2.99275	8.24563
											-0.41180	2.65278	8.30788
											-0.67516	2.30801	8.48026
											-0.69432	2.06859	8.62391
											-0.64643	2.00634	8.73884
											-0.51236	1.94888	8.88728
											-0.35913	1.72383	9.08360
											-0.18196	1.68552	9.18895
											-0.01915	1.90100	9.39964
											0.26815	2.09732	9.89284
											0.73263	2.18830	10.54885
											1.08218	2.19788	11.19529
											1.24020	2.04944	12.01889
											1.49398	2.26970	12.59350
											1.72861	2.55701	12.57435
											1.84832	2.64799	12.06199
>	11:17:07	51.132021	17.057120	114.20	11	15	17	0.01	7.50	34.50	0.48363	2.74854	9.16022
											0.47884	2.81079	8.78672
											0.44053	2.82995	8.61434
											0.28730	2.81558	8.53294
											0.02394	2.69108	8.50899
											-0.26336	2.43730	8.59997
											-0.53630	2.23618	8.80587
											-0.58897	2.20745	9.11712
											-0.47884	2.22182	9.70131
											-0.26815	2.41336	10.34295
											-0.05746	2.47560	10.70208
											0.05746	2.68151	10.77391
											-0.08140	2.34153	10.87446
											-0.24421	1.77171	11.14740
											0.01437	0.94810	11.75074
											1.02472	0.58897	12.50252
											2.21224	1.01514	12.99573
											3.16992	1.85311	13.26388
											3.66792	2.43730	13.30219
											3.71580	2.52349	13.01967
											3.28484	2.34153	12.20085
											2.42293	2.00634	10.83137
											1.58496	1.87705	9.40921
											0.89064	1.82917	8.32224
											0.44053	1.82917	7.60398
											0.14844	1.69509	7.15387
>	11:17:08	51.132025	17.057098	114.80	11	15	17	0.01	7.50	34.50	0.86670	3.01191	11.75553
											0.43574	2.98318	11.61188
											-0.07183	3.01191	11.17613
											-5.82749	-9.12191	-5.82749
											-0.89543	2.48039	10.52012
											-1.06781	2.33195	10.23761
											-0.95768	2.11647	9.91199
											-0.53630	2.17394	9.41879
											-0.24900	2.41814	9.25598
											0.16759	2.61447	9.19852
											0.37828	2.66714	9.36133
											0.18675	2.22661	10.25197
											0.68953	1.46046	11.66934
											1.67115	1.71425	12.44506
											2.50433	2.36068	12.67012
											2.76770	2.80600	12.64139
											2.39420	2.62405	12.64617
											1.71425	2.18830	12.45943
											1.23541	2.07338	11.85130
											1.11091	2.01592	11.14740
											0.96726	2.16915	10.48660
											0.79487	2.11169	10.01255
											0.62728	1.81959	9.69652
											0.41180	1.56581	9.54329
											0.13886	1.47483	9.48104
											0.02394	1.64721	9.42358
>	11:17:09	51.132031	17.057085	114.60	11	15	17	0.01	7.50	34.50	1.36948	2.55701	10.14184
											1.15401	2.57137	9.47146
											0.87628	2.48997	8.94953
											0.43574	2.28886	8.58082
											0.18196	2.12126	8.23605
											0.04310	1.90100	7.98706
											-0.06704	1.72861	7.80989
											-0.21548	1.57060	7.58004
											-0.41180	1.37906	7.31668
											-0.65601	1.60890	7.06768
											-1.26893	1.79565	7.64708
											-1.17316	1.31202	9.14106
											-0.35434	1.38864	10.30464
											0.39744	1.97282	11.24317
											1.01035	2.61447	12.03326
											1.47004	3.02627	12.42112
											1.65679	3.02627	12.15776
											1.60890	2.95923	11.44907
											1.33596	2.86347	10.55364
											0.75178	2.94966	9.39006
											0.00000	2.76770	8.52815
											-0.76136	2.55701	7.88650
											-1.30245	2.16436	7.66623
											-1.30723	1.81002	7.74764
											-0.93853	1.70946	8.09240
											-0.41180	1.66158	8.59997
>	11:17:10	51.132036	17.057068	114.40	11	15	17	0.01	7.50	34.60	0.70868	2.21224	8.61434
											0.67516	2.46603	8.61913
											0.53630	2.97360	8.62870
											0.41659	3.05979	8.86333
											0.63207	2.74854	9.15064
											0.74220	2.24576	9.30387
											0.65122	1.33596	9.82580
											0.86191	0.56503	10.94629
											1.65679	0.82839	12.21043
											2.28407	1.91536	12.99573
											2.87304	2.91614	13.54160
											3.07416	3.32315	12.98136
											-0.51236	0.97205	8.45153
											-0.75178	1.69988	8.26957
											-0.74699	2.59053	8.03973
											-0.39744	2.75812	8.02058
											-0.04788	2.47082	8.15944
											0.18675	2.17872	7.96311
											0.34477	2.43251	7.66623
											0.65122	2.88741	7.84340
											0.98162	3.23696	8.85855
											0.75178	3.90734	10.14184
											0.55067	4.14197	11.26711
											0.41659	3.85466	11.65497
											0.36871	3.37104	11.54484
											0.24900	2.75812	11.06600
>	11:17:11	51.132045	17.057049	114.00	11	15	17	0.01	7.50	34.50	0.12450	2.40378	8.77236
											0.43574	2.14042	8.61434
											0.38307	1.97282	9.24641
											1.08697	1.92973	10.68772
											2.66714	2.34632	12.00453
											3.53384	3.20344	12.33014
											3.42850	3.68228	12.25352
											2.60968	3.32794	12.41154
											1.57538	2.48997	12.58392
											0.85712	1.88663	12.51210
											0.75178	2.17872	11.99974
											0.81882	2.66714	11.38204
											0.74220	2.98796	10.71166
											0.62249	2.89220	10.18972
											0.55545	2.65756	9.77313
											0.44532	2.82037	9.15064
											0.53630	2.94008	8.60476
											1.01035	3.07416	8.11634
											1.53708	3.08373	8.10677
											2.37026	3.11725	9.19373
											2.85868	3.13162	10.79306
											2.74854	2.49955	11.99016
											2.24097	1.76692	12.42112
											1.69988	1.83875	12.07635
											1.28808	2.30801	11.45865
											1.11570	2.61926	10.96066
>	11:17:12	51.132053	17.057033	113.90	11	15	17	0.01	7.50	34.50	0.93853	2.68629	12.02847
											1.52750	2.58574	12.10508
											1.90578	2.17394	11.25275
											1.72383	1.36948	10.39562
											1.17316	0.70868	9.54329
											0.56982	0.80924	8.76278
											0.07661	1.38864	8.34140
											-0.25857	1.94888	8.18338
											-0.50757	2.33195	8.22169
											-0.56024	2.39899	8.54730
											-0.22027	2.32716	8.95910
											0.11492	1.96325	8.93516
											0.16759	1.53708	8.48505
											-0.13886	1.28808	7.63750
											-0.62249	1.55623	6.89530
											-0.61770	2.16436	6.73728
											0.09577	2.85868	7.44597
											0.77093	3.72059	9.16022
											1.38385	4.25210	11.17134
											1.92973	4.26647	12.41154
											2.20267	4.07972	12.39718
											2.03507	3.35188	12.01410
											1.40779	2.81079	11.61667
											0.59855	2.54743	11.07558
											0.05746	2.61926	10.23761
											0.02394	2.78685	9.35654
>	11:17:13	51.132060	17.057026	113.50	9	15	15	0.01	7.50	34.50	1.71904	1.60890	8.97826
											1.63763	1.66158	8.37492
											1.63763	2.21703	8.48026
											2.18830	2.86825	9.35654
											2.72939	3.41892	10.20888
											2.64320	3.20344	10.67814
											2.03507	2.37505	11.39161
											1.35512	1.88184	12.04283
											1.08218	1.66636	12.54083
											1.23541	1.92494	12.76110
											1.58496	2.26013	12.42112
											1.67115	2.39899	11.53526
											1.43173	2.18351	10.29507
											1.03908	1.63285	8.93516
											0.72305	1.15401	7.80989
											0.53630	0.94332	7.29753
											0.45490	0.93853	7.20176
											0.54109	1.04866	7.39808
											0.49799	1.17795	7.76200
											0.19632	1.23541	8.44674
											0.31125	1.56102	9.61033
											1.05824	1.84354	11.04685
											1.68073	2.41814	12.09072
											1.87227	2.63841	12.38281
											1.72861	2.08774	11.88003
											1.27372	1.37427	10.89841
>	11:17:14	51.132067	17.057010	113.80	9	15	15	0.01	7.50	34.50	-0.40701	3.66313	7.92481
											0.58897	3.74932	9.13627
											1.54187	3.49075	10.52012
											2.06380	3.31836	11.64540
											2.35589	3.28006	12.22479
											2.42772	3.27527	12.16733
											2.26013	3.02627	11.90397
											1.80523	2.71024	11.34373
											1.13006	2.56180	10.49139
											0.55545	2.47560	9.31344
											0.26336	2.46603	8.34619
											0.17238	2.47082	7.83862
											0.24421	2.14520	7.95833
											0.47405	1.56102	8.68138
											0.69432	1.14922	9.92157
											1.29287	1.09654	11.49217
											1.96803	1.40300	12.23437
											2.14042	2.29365	12.49294
											2.12126	3.42850	12.88081
											1.88184	3.22738	13.08192
											1.70467	2.45166	13.18247
											1.76213	2.07338	13.00530
											1.98240	2.18351	12.51689
											2.06859	2.30801	11.80341
											1.79086	2.09253	11.01812
											1.28329	1.63285	10.08438
>	11:17:15	51.132072	17.056993	114.00	9	15	15	0.01	7.50	34.50	2.20745	1.86748	11.42992
											1.47962	1.94409	10.99417
											1.05345	2.03028	10.79306
											0.96247	2.04465	10.40041
											0.94332	2.04465	9.80665
											0.91459	1.85311	9.06924
											0.80924	1.60890	8.40844
											0.62728	1.37427	7.95833
											0.45490	1.10612	7.69496
											0.28730	0.88107	7.64708
											0.11971	0.54588	7.83383
											0.02394	0.22505	8.18817
											0.09577	0.00000	8.72447
											0.09098	0.26336	9.46189
											0.44532	0.83797	10.79306
											1.62806	1.95846	12.17691
											2.98796	3.16513	13.23515
											3.55778	3.40455	13.68526
											2.92571	2.75333	13.32134
											1.77171	1.68073	12.37802
											0.87628	0.95289	11.57357
											0.52672	0.64643	10.89841
											0.53151	0.84755	10.33816
											0.66080	1.24020	9.76834
											0.74699	1.28329	9.27993
											0.70868	1.04866	8.84897
>	11:17:16	51.132079	17.056979	114.20	9	14	14	0.01	7.50	34.50	1.47962	1.70467	10.97502
											1.63763	2.48039	11.01333
											1.88663	2.87304	10.87925
											2.01592	2.91135	10.52970
											1.91057	2.68629	10.02213
											1.70467	2.31280	9.45231
											1.41737	1.87705	8.96389
											1.23062	1.58496	8.57603
											1.12527	1.30245	8.20732
											1.04387	1.27850	8.05888
											0.90980	1.45567	7.94396
											0.62249	1.59454	8.10677
											0.72305	1.36948	8.87291
											1.34554	1.47962	9.92636
											1.85790	1.75734	10.77870
											2.13563	2.41814	11.22402
											2.30322	3.23696	11.37246
											2.59531	3.86903	11.22402
											2.90177	4.35266	10.48182
											2.72939	4.00789	9.67257
											2.37026	3.16992	9.22246
											2.02549	2.31759	9.16979
											1.68073	1.55623	9.05966
											1.31681	1.13964	8.83460
											1.01993	1.06303	8.74841
											0.83797	1.03430	8.97347
>	11:17:17	51.132078	17.056963	114.10	9	14	14	0.01	7.50	34.50	1.82438	2.44209	9.17937
											2.14999	2.31759	9.59596
											1.78129	1.75734	10.31901
											2.11647	3.12683	10.27591
											4.09408	3.91691	14.14973
											5.08050	4.50589	22.03144
											2.68151	2.99275	12.05241
											0.54588	2.44687	7.81946
											0.45969	3.41413	5.58328
											0.56982	1.66158	8.20732
											3.23696	1.43652	16.51520
											1.65200	1.12527	10.27112
											0.51715	0.88107	7.68060
											0.61770	1.72383	6.68461
											1.91536	1.60412	13.77145
											1.31202	2.08296	10.79785
											0.40701	0.68953	7.95354
											0.99120	0.68474	9.75398
											1.40300	1.44610	11.99016
											1.20189	0.79966	9.82580
											1.35512	0.40701	9.27035
											1.35991	0.76136	10.18015
											1.19231	0.79966	10.04128
											1.14922	0.74220	10.22324
											1.05345	0.79009	10.40999
											0.59376	0.68474	10.09874
>	11:17:18	51.132078	17.056952	114.30	9	14	14	0.01	7.50	34.50	0.86670	2.39899	10.04607
											0.82839	2.45645	10.10353
											0.64165	2.53785	9.89763
											0.61770	2.65756	9.68215
											0.54588	2.98318	9.97424
											0.46448	3.09810	10.22803
											0.35913	3.31358	10.11790
											0.17238	3.20344	10.46266
											-0.00958	2.71502	10.40520
											0.04788	2.41814	9.96467
											0.27773	2.55701	10.15141
											-2.02071	-3.85466	9.96467
											1.21147	0.13886	8.71968
											1.37906	5.27682	8.27915
											3.19865	5.36301	12.52168
											0.05267	0.69432	11.64540
											0.32082	3.11246	9.46189
											1.34075	4.30956	8.14986
											1.34554	2.63362	13.01488
											1.04387	1.59454	10.59674
											1.02951	1.78607	7.94396
											1.17795	1.50356	11.66934
											0.74699	1.59454	10.71166
											0.58897	1.08218	9.65821
											1.13485	0.73263	10.30943
											0.38307	1.05824	10.44830
>	11:17:19	51.132078	17.056949	114.60	9	15	15	0.01	7.50	34.50	0.00958	2.04944	10.31422
											-0.11013	1.87705	10.07959
											-0.48842	2.45166	11.11388
											-1.03908	2.03507	9.45710
											-1.67115	1.85790	10.09395
											-2.30801	1.39821	11.09952
											-2.25055	1.48919	10.51055
											-1.58496	2.19788	9.54808
											-1.88663	2.25055	10.32859
											-2.19309	1.84832	10.74039
											-1.66636	1.62327	9.85932
											-1.45089	1.61848	10.06044
											-2.03028	2.20267	10.15620
											-2.18830	2.46603	10.11790
											-2.19788	2.25534	9.85932
											-2.25534	1.55144	9.78271
											-2.54743	0.74699	9.99819
											-2.71024	0.50278	9.80665
											-2.93050	0.64165	10.31901
											-3.32315	1.51792	10.67335
											-3.08373	1.25456	10.84095
											-2.37026	0.24421	10.42914
											-2.01113	-0.46448	9.65342
											-1.70467	-0.09577	9.46667
											-1.12049	0.13408	10.78348
											-0.66080	0.49321	9.93594
>	11:17:20	51.132077	17.056932	115.40	9	15	15	0.01	7.50	34.60	0.22984	-0.73263	9.97903
											0.07183	-0.00958	10.20409
											-0.43574	0.37350	10.41478
											-0.45490	0.73741	10.50576
											-0.44053	0.35434	10.36689
											0.35913	-0.27773	10.46745
											0.36871	-0.63686	10.43872
											0.35434	-0.17717	10.10353
											-0.08140	0.25379	10.91756
											-0.13886	0.27773	10.14184
											-0.05746	0.11013	10.55364
											0.12450	0.55067	10.32380
											0.26336	1.09654	10.51055
											-0.39744	1.49877	10.53928
											-0.24421	2.08296	10.70208
											0.55067	1.76692	10.60153
											1.53708	0.57940	10.50097
											1.79565	-0.13408	10.00297
											-5.82749	-9.12191	-5.82749
											2.44687	-0.06225	10.30464
											2.05901	0.02394	10.29986
											1.22104	-0.40223	10.49139
											1.34075	-0.98162	10.33816
											1.18752	-0.81403	10.24718
											0.94332	-0.35434	11.42992
											0.85234	-1.09654	10.33816
>	11:17:21	51.132082	17.056918	115.90	9	15	15	0.01	7.50	34.60	-0.14844	-2.39899	10.61589
											-0.04788	-2.60968	9.86890
											0.52672	-2.33195	10.09395
											0.80445	-2.10211	10.16578
											1.38864	-1.67594	10.55843
											1.13006	-1.29766	10.97502
											1.10133	-1.06303	10.32859
											0.69911	-0.63207	11.39161
											0.38307	-0.72305	10.64941
											-0.31125	-1.30245	9.82580
											-0.42138	-2.15957	9.24162
											-0.69911	-2.56658	10.39084
											-0.30646	-2.49476	8.39407
											0.67038	-2.27449	10.50097
											0.77572	-1.82917	10.39084
											0.33519	-1.38864	10.01734
											0.13408	-1.35033	9.88805
											-0.35434	-1.42694	11.25754
											-1.29287	-1.54187	11.09952
											-2.01592	-1.41737	9.55287
											-1.84832	-1.46046	8.95910
											-1.12049	-1.30723	10.32380
											-0.83797	-0.86191	10.14184
											-0.09098	-0.58897	10.88404
											0.25857	-0.45490	10.77870
											0.84755	-0.85712	9.84975
>	11:17:22	51.132090	17.056905	116.00	9	15	17	0.01	7.50	34.60	-1.72383	-0.85712	10.58237
											-1.51792	-1.24977	10.97023
											-1.31681	-1.34554	9.65821
											-0.24421	-1.15401	10.14663
											0.67516	-0.88585	10.78348
											0.96726	-0.65122	10.62068
											1.10133	-0.37350	10.84095
											0.45490	-0.20590	9.83059
											0.26815	-0.01915	10.45308
											-0.27773	-0.34955	10.59674
											0.54588	-1.14443	11.02769
											0.89064	-1.89142	12.89038
											-0.20111	-1.46046	9.82102
											-0.82361	-0.90501	7.36456
											0.16281	-0.31125	11.26711
											-0.43096	-0.26815	11.73159
											-1.24498	-0.06704	10.00297
											-1.77171	0.61770	8.94474
											-1.07739	1.11091	9.73004
											-0.49799	1.36469	11.42513
											0.23463	1.36948	11.52090
											1.04387	0.98641	10.78348
											0.19154	0.51236	9.07881
											0.74220	-0.09098	8.64307
											0.17717	-0.42617	10.76912
											0.42617	-0.45490	10.66377
>	11:17:23	51.132104	17.056898	116.10	9	15	17	0.01	7.50	34.60	0.53151	0.41659	9.89284
											0.79966	0.58897	11.55921
											0.18675	0.84276	11.65497
											-0.65122	0.86670	8.88728
											0.03831	0.43096	10.33337
											-0.26815	-0.24900	11.11388
											-0.04310	-1.20189	8.97826
											0.63207	-2.11647	9.90242
											0.73741	-2.23140	10.09874
											0.43096	-1.88663	10.97981
											-0.49321	-1.45089	9.17458
											-1.18274	-0.63207	10.28549
											-0.91937	0.29688	11.63103
											-0.58419	1.24977	10.78827
											0.04310	1.66158	8.31746
											1.57060	1.57538	10.05086
											1.83396	1.06303	11.81778
											0.46926	0.17717	10.12747
											0.37350	-0.08140	9.93594
											0.36871	0.48842	10.53449
											-0.29209	0.84755	9.09318
											-0.45490	0.92895	9.09797
											-0.05746	0.70868	10.45308
											-0.30646	0.43096	10.81221
											-0.64165	0.22505	10.37647
											-1.30245	-0.34477	10.12747
>	11:17:24	51.132120	17.056873	115.60	9	15	17	0.01	7.50	34.60	-1.04387	-0.24421	8.29830
											-0.87149	-0.06225	7.62793
											0.44053	-0.11013	11.80820
											0.22027	-0.28730	11.81778
											0.40223	-0.03831	10.53928
											0.24900	-0.16759	10.89362
											0.79487	-0.39265	11.07079
											1.26414	-0.92416	10.86968
											1.21147	-1.27850	12.08114
											0.29209	-1.07260	9.94073
											0.31125	-0.54109	7.96790
											-0.03831	-0.19632	9.50977
											0.79487	-0.38786	10.67335
											0.95289	-0.90980	10.35253
											-1.11570	-0.92416	10.54885
											-1.86748	-0.77572	9.20810
											-1.56581	-0.57940	9.82102
											-0.45969	-0.76614	10.71166
											0.30167	-0.56503	11.75553
											0.83318	0.41659	10.77870
											1.19231	1.27850	9.15064
											-5.82749	-9.12191	-5.82749
											0.62728	1.86748	9.64863
											0.31603	1.90578	10.24239
											0.48363	1.85311	12.32535
											-0.22505	1.36469	10.67335
>	11:17:25	51.132139	17.056859	115.10	9	15	17	0.01	7.50	34.60	-0.73741	0.29209	8.83460
											-1.38385	0.48842	9.63906
											-1.40779	0.26815	10.59674
											-0.32082	-0.33040	8.70053
											0.08619	-0.98641	10.71166
											0.34955	-0.92416	10.42914
											1.89142	-0.29688	12.21522
											2.14520	0.10056	13.31176
											1.15401	0.15323	11.17134
											0.15802	-0.01437	8.82024
											-0.05746	-0.26815	8.52336
											0.77572	-0.71347	11.56878
											-0.98162	-1.67594	9.52413
											-1.01993	-2.06859	7.92960
											-0.82361	-1.88184	9.85453
											-0.52672	-1.23062	9.73482
											-0.33998	-0.61292	10.95587
											0.21069	-0.22027	12.18649
											-0.60334	-0.22984	10.02213
											1.34554	-0.17238	9.84496
											2.44209	-0.08619	10.83616
											2.18830	0.11492	10.74039
											1.38864	0.12929	11.27669
											0.79009	-0.06704	10.76912
											0.14365	-0.53630	8.41323
											-0.35434	-1.21625	9.56723
>	11:17:26	51.132174	17.056835	114.70	9	15	17	0.01	7.50	34.60	-0.08140	-0.74699	10.85531
											-1.00078	-0.79966	9.79707
											-1.09654	-0.86191	9.15543
											-0.17717	-0.68953	12.50731
											-0.32082	-0.26336	12.42112
											-1.70467	0.25379	8.94953
											-0.22505	0.53630	9.55287
											-0.16281	0.43096	9.28471
											1.63763	0.28252	9.83538
											1.52271	0.25379	9.62469
											1.97761	0.37350	12.58871
											1.16358	0.56503	11.60709
											-0.15802	0.45011	6.84742
											0.45969	0.10056	9.36133
											-0.51715	-0.12450	11.17613
											-0.68474	-0.18675	9.16022
											0.07661	-0.00479	10.61110
											-0.36392	0.64165	9.78750
											0.38307	0.88107	10.87925
											0.52194	0.68474	11.73159
											0.36392	0.04788	10.96544
											1.35512	-0.47884	10.82179
											1.79565	-0.54109	11.92312
											0.90501	-0.30646	10.18972
											0.50757	0.04310	9.34696
											-0.67995	-0.50757	10.35732
>	11:17:27	51.132196	17.056804	114.20	9	15	17	0.01	7.50	34.70	0.46926	-0.34477	10.41478
											-0.10056	-0.33519	9.62948
											-1.57060	0.24900	8.39886
											-0.29688	0.68953	11.59272
											-0.95768	0.51715	10.60153
											-0.33040	-0.15802	9.55287
											-0.17238	-0.37350	11.61667
											0.59376	0.22505	11.46344
											1.11570	0.79009	9.80186
											1.80044	0.92895	10.80743
											1.72861	0.52194	9.80665
											0.41659	0.12929	8.92080
											0.96726	-0.29209	8.80587
											1.24498	-0.92416	13.06276
											-0.30646	-1.13006	10.39084
											-1.37906	-1.02472	8.56645
											-0.64165	-1.07260	10.49139
											-0.37350	-0.58419	9.46667
											-0.51715	-0.31125	12.30141
											-0.60813	-0.19154	9.67736
											0.24900	-0.56982	9.82580
											1.26893	-0.69432	10.68772
											2.17872	-0.26815	11.58315
											1.80044	0.13408	11.74595
											0.86191	0.32561	10.53449
											0.57461	0.71347	8.01100
>	11:17:28	51.132217	17.056775	113.70	9	15	17	0.01	7.40	34.70	-0.98641	-0.79009	10.10353
											-1.02472	-0.22027	8.90643
											0.10534	0.10534	12.06678
											-0.65601	0.01915	10.29507
											0.45490	0.21069	11.06600
											0.85712	-0.05267	10.04607
											1.95367	-0.14365	10.23761
											1.81959	0.10056	10.60153
											1.81959	0.17238	10.94150
											1.19710	0.39265	10.12268
											0.12450	0.58897	8.63349
											-0.57461	0.47405	10.25676
											0.00000	-0.06225	10.95587
											-1.02472	-0.61292	11.67413
											-1.11570	-0.84755	9.73004
											-0.28252	-1.07739	10.43872
											-0.38307	-1.09176	11.44428
											0.89064	-0.84755	10.82179
											0.92895	-0.17717	10.48660
											2.40378	0.02873	9.21289
											1.87227	-0.23463	10.11790
											1.60412	-0.67995	11.75553
											1.12527	-0.64643	10.11790
											-0.02873	-1.04387	9.81144
											-1.19710	-0.82361	9.65821
											-2.03507	-0.63686	6.96713
>	11:17:29	51.132238	17.056724	114.00	9	15	17	0.01	7.50	34.70	-1.97282	-0.34477	10.74518
											-1.91057	-0.11013	8.22648
											-0.76614	-0.59376	10.73560
											-0.17238	-0.75657	11.48259
											0.99120	-0.66559	10.28549
											2.14520	-0.22027	12.36845
											2.79164	0.05267	13.03882
											1.87227	0.22984	10.04607
											1.28808	-0.11971	8.44674
											0.83797	-1.05345	11.95664
											-0.15802	-1.13006	9.18895
											-1.24020	-1.08697	10.77870
											-1.53229	-0.99120	13.00051
											-2.32716	-0.34955	10.35253
											-1.32639	0.35913	9.86411
											-0.79009	0.74699	10.73560
											1.11091	0.72305	10.98939
											1.63285	0.00479	11.94228
											3.06937	-0.79487	11.24796
											2.45645	-1.76692	12.86165
											1.10133	-1.89621	10.66377
											-0.42617	-1.43652	9.87369
											-1.67594	-0.95289	7.33583
											0.31603	-1.22583	13.26867
											-0.67516	-0.90022	13.10586
											-2.51870	-0.36392	7.75721
>	11:17:30	51.132260	17.056696	114.20	9	15	17	0.01	7.50	34.70	0.48842	-0.96726	11.71722
											-0.50757	-0.52194	15.73948
											-0.30167	1.03908	6.49307
											2.63841	0.24421	11.51611
											2.38941	-1.12049	11.43471
											1.86269	-2.25534	11.32936
											1.81959	-2.26970	12.31099
											-1.70467	-1.78129	6.98149
											0.06225	-0.54588	9.42358
											-1.09176	-0.64643	11.85130
											-1.85311	-0.80924	9.40921
											-2.62405	-0.30167	11.80820
											-3.17950	-0.18675	10.35253
											-2.26013	-0.63686	13.26388
											-5.82749	-9.12191	-5.82749
											0.03831	-1.17795	8.05888
											1.31202	-0.49799	9.41879
											1.17316	-0.03352	8.83939
											2.85389	0.42617	11.21923
											0.32082	-0.35434	13.80976
											-1.39343	-1.25456	13.01009
											-2.32238	-1.91536	10.98939
											-2.96402	-1.56102	5.79876
											-1.25456	-0.83797	6.25365
											-0.14844	-0.71826	12.43548
											-0.44053	-0.43096	12.01410
>	11:17:31	51.132280	17.056676	114.10	11	17	18	0.01	7.50	34.70	-2.41814	-0.70390	7.24485
											0.16281	-1.16837	10.63026
											0.69432	-1.26414	11.45386
											2.39899	-1.12049	9.29908
											1.78607	-0.31603	9.81623
											0.67995	0.13886	10.34295
											0.30646	-0.33040	10.78348
											0.17238	-1.28329	11.21923
											-0.82839	-2.18830	10.04607
											-0.03831	-1.76692	9.31344
											-0.05746	-1.56102	8.78193
											-0.84755	-0.93374	8.43717
											-1.13006	-0.10056	10.19930
											-2.10690	0.48842	10.49618
											-3.11246	1.42694	9.69652
											-1.48919	1.65200	10.45787
											-0.06225	1.60890	12.91911
											0.14844	1.00556	10.42435
											0.05746	0.55067	8.79151
											1.17795	-0.13886	10.48660
											0.80445	-0.18196	11.68370
											0.23463	0.56503	8.31267
											0.38786	0.79009	9.07881
											0.72784	0.54588	10.79306
											-0.96726	0.47405	9.79707
											-1.75256	1.11091	9.00699
>	11:17:32	51.132304	17.056660	114.00	11	17	18	0.01	7.40	34.80	-0.83318	-2.47560	9.47146
											-1.61369	-2.44209	10.01734
											-3.21781	-1.59933	8.47547
											-4.33351	0.09098	7.93917
											-3.08852	1.21147	10.40999
											-1.19231	1.16358	12.45464
											-0.45490	0.77093	12.51210
											0.31125	0.35434	8.50899
											1.68552	-0.21548	8.52336
											2.00155	-0.63207	13.12980
											0.67516	-0.22984	11.13304
											0.49799	0.26336	9.14585
											1.34554	0.59855	11.13783
											1.13006	0.92416	10.94629
											-0.92416	1.50356	8.64307
											-2.10211	1.87705	8.24563
											-2.95444	1.94888	12.27268
											-3.46680	1.27372	11.60709
											-4.34787	0.83318	8.54251
											-2.38462	0.04788	8.06367
											-0.55067	-0.56024	10.94150
											0.57461	-1.07739	12.03805
											0.94332	-1.48441	10.31422
											1.84354	-1.53229	9.67736
											2.36547	-1.12049	11.69807
											1.37427	-0.74220	11.08037
>	11:17:33	51.132329	17.056646	114.40	11	17	18	0.01	7.40	34.80	0.85234	0.23463	7.96311
											2.15478	-0.50278	10.62068
											1.66158	-0.72305	12.14339
											-0.11013	0.22027	8.52336
											-0.49799	0.74699	9.87848
											-0.03352	0.54588	10.58716
											-0.98162	0.50757	9.94551
											-0.45490	0.33040	11.31979
											-1.68073	-0.09098	11.99974
											-1.97282	-0.85234	10.29028
											-3.15077	-1.10612	8.83939
											-2.11169	-0.97683	10.08438
											-0.49799	-0.48363	6.00945
											2.63362	-0.11971	10.96544
											2.64799	-0.23942	15.95496
											1.19231	-0.43574	11.49217
											-0.28730	-0.97683	5.93283
											-1.17795	-1.80044	7.89129
											0.22984	-3.28006	14.59027
											-0.79009	-4.28083	8.73884
											0.45490	-4.41491	8.42280
											0.77093	-2.83473	11.70765
											-1.05824	-1.09176	10.32859
											-2.48518	0.82839	9.19852
											-3.18908	2.26491	10.57279
											-2.48039	2.52828	9.35175
>	11:17:34	51.132356	17.056635	114.70	12	18	18	0.01	7.40	34.80	-1.80523	-0.27773	12.89996
											-1.96803	-0.70868	7.58483
											0.17717	-0.66559	10.31901
											1.38385	-0.48842	12.67490
											1.90578	-0.49321	11.24317
											1.34075	-0.87149	10.91277
											-0.33519	-1.42694	8.37492
											0.35913	-1.97282	10.36211
											-0.24421	-2.71981	12.44985
											-0.84276	-2.76291	6.76123
											0.41659	-2.14999	11.06600
											-0.16759	-1.07260	9.88805
											-2.17872	-0.52194	8.39886
											-2.07338	0.11971	11.98537
											-1.81480	0.56503	11.78905
											-2.55701	1.16358	10.92714
											-1.70467	1.62327	9.66300
											-0.33040	1.70467	8.79630
											1.92494	1.04866	10.85531
											1.62806	0.07183	10.16578
											0.28252	-0.77572	10.87446
											-0.33519	-1.01035	8.94474
											0.69432	-0.85712	9.69173
											0.15802	-0.63207	11.48259
											-0.00958	0.16759	10.52970
											-0.78530	0.54588	10.28070
>	11:17:35	51.132383	17.056632	114.80	12	18	18	0.01	7.40	34.90	-0.73263	-0.49321	8.53772
											0.32561	-1.38864	11.19529
											0.77572	-1.70946	12.69885
											-1.04866	-1.45567	10.49618
											-3.25611	-1.20189	7.32147
											-2.96402	-0.73263	10.78348
											-2.63362	0.08140	11.35330
											-2.39420	0.51236	9.21768
											-1.33596	0.81403	10.03170
											-0.52194	0.68953	9.85932
											0.80924	0.66559	11.45386
											0.36871	0.74699	10.32859
											0.27294	0.50278	9.27514
											0.26336	-0.05746	11.42992
											-0.33040	-0.33998	8.60476
											0.51715	-0.10056	10.18493
											1.38385	0.45490	13.35965
											0.12929	1.34075	8.89685
											-0.80924	2.09732	10.63026
											-2.75333	2.39899	13.49851
											-3.81636	1.47962	11.45386
											-4.79798	-0.11492	12.30620
											-5.31034	-1.63763	4.57771
											-1.21625	-2.32238	8.48984
											1.25456	-2.50433	11.55442
											1.63763	-2.14042	8.59518
>	11:17:36	51.132415	17.056624	115.30	12	18	18	0.01	7.40	34.90	-3.41413	1.92494	10.44351
											-1.56581	1.61848	9.27514
											-0.15802	1.01993	11.62624
											0.90980	0.20590	11.44428
											0.49321	-0.47405	9.96946
											-5.82749	-9.12191	-5.82749
											0.09098	-0.96726	11.08037
											1.45089	-1.10133	11.20965
											0.99599	-0.90980	12.86644
											0.11492	-0.41180	7.89608
											-1.05824	0.40701	7.73327
											-1.43173	1.18752	8.53294
											-2.70545	1.52271	13.31655
											-3.94086	1.38864	10.76912
											-4.04620	0.33998	10.18015
											-2.28407	-1.03908	11.99016
											-0.91459	-1.58496	9.42837
											-0.37828	-1.16358	6.33027
											1.71425	-0.35913	7.90087
											2.03986	0.30167	14.61421
											1.00078	0.08619	11.32457
											1.13485	-0.48842	9.06924
											0.77572	-1.62806	10.86489
											-0.03831	-2.06859	9.31344
											-0.67038	-1.75734	7.47949
											-0.77093	-1.07739	9.47625
>	11:17:37	51.132447	17.056615	115.80	12	18	19	0.01	7.40	34.90	-2.79643	-0.87149	9.80186
											-2.81079	-0.42617	10.18015
											-2.54264	-0.26336	10.35253
											-2.20267	-0.64643	11.71722
											-0.99120	-1.02951	9.49062
											1.53229	-1.36469	11.63103
											2.14042	-1.18752	11.59272
											0.90501	-0.74220	8.10198
											1.87705	-0.27773	9.54329
											1.68073	0.17717	12.55519
											-0.48842	-0.24900	10.03170
											-1.47483	-1.47004	8.75320
											-1.24020	-1.87227	11.06121
											-1.40779	-1.02951	11.70765
											-2.48518	0.01437	10.19930
											-3.39498	0.58419	10.73081
											-3.62961	0.80445	9.77313
											-3.47638	1.28808	7.77637
											-0.70390	1.49398	10.49618
											1.68073	1.50835	13.69005
											1.79565	0.84276	9.75877
											1.03908	-0.11492	9.09318
											0.15802	-0.72784	10.90319
											0.49321	-0.88585	10.28070
											-0.51236	-0.54109	8.62870
											0.05746	0.13408	10.06044
>	11:17:38	51.132481	17.056601	116.60	12	18	19	0.01	7.40	35.00	0.77093	-1.34554	10.16099
											-0.07183	-1.70467	11.04206
											-0.76136	-1.42216	8.42280
											-1.14443	-1.00556	7.33105
											-1.53229	-0.52672	9.92636
											-1.90100	-0.26815	10.94629
											-2.89698	-0.32561	10.44830
											-2.32238	-0.18196	11.43950
											-1.81480	0.22027	10.16578
											-0.52672	0.73741	10.59195
											0.91459	0.71826	12.00453
											1.69031	0.49799	9.90721
											0.79966	0.10056	8.58561
											0.41180	-0.25857	8.03973
											0.34955	-0.39744	10.21845
											0.17238	-0.06704	11.20486
											-0.14844	0.40223	11.43950
											0.16759	0.72305	11.14261
											-0.99599	1.40300	14.41309
											-2.65278	2.05422	9.38527
											-4.12282	2.14042	7.96311
											-3.96959	1.24020	6.74207
											-2.44687	-0.32561	9.60554
											0.10534	-2.39899	11.65019
											4.58250	-3.38061	18.23903
											0.75178	-3.45723	11.47301
>	11:17:39	51.132509	17.056591	116.60	12	18	19	0.01	7.40	34.90	-1.55623	2.26013	8.49942
											3.14119	1.40779	11.78905
											0.85234	0.64643	10.73560
											1.17316	0.14365	11.63582
											1.35991	0.00000	13.81933
											-0.12450	0.09098	5.09007
											-0.57461	0.38307	7.56568
											0.64643	0.14844	12.58392
											1.28808	-0.33519	11.28627
											-0.89064	0.27773	8.27915
											0.33519	0.41659	9.44273
											-0.45011	1.07260	10.98939
											-2.04944	0.86191	8.20732
											-1.60412	0.33519	8.79151
											-1.99676	-0.23463	11.03727
											-1.10133	-0.87628	10.28070
											-0.57461	-1.25456	10.37168
											1.32639	-1.30723	10.77391
											1.31681	-0.81882	9.27035
											1.62806	0.10534	9.15543
											0.20111	0.79487	10.94629
											-0.83318	0.62728	9.22246
											0.10056	-0.12929	12.56477
											0.38307	-0.74220	11.86088
											-1.78607	-0.74220	6.93840
											0.50757	-0.44532	8.62391
>	11:17:40	51.132538	17.056579	116.90	12	19	19	0.01	7.40	35.00	-1.79565	0.22984	6.28239
											-0.23463	0.06225	9.71567
											-0.26336	0.32561	11.94228
											-1.05345	0.31125	8.30788
											-0.56024	-0.19632	10.86010
											0.35434	-0.53151	11.92791
											0.36392	-0.33040	10.08438
											1.71425	0.00958	12.72279
											1.08697	0.19154	10.05086
											0.85234	0.24421	7.29753
											1.10133	0.07183	11.28627
											-0.15323	-0.11971	10.16578
											-0.32082	-0.41659	10.08438
											0.21548	-0.68953	9.47625
											-0.81403	-0.56503	9.02135
											-0.23942	-0.58419	10.20409
											-0.39744	-0.50278	11.33415
											-0.14844	-0.25379	10.74997
											-0.29209	0.00000	11.24796
											-0.62249	0.48842	8.93995
											0.62728	0.46926	8.86812
											2.02549	0.43574	11.26711
											0.95768	0.57940	10.33816
											0.14365	0.36871	10.35253
											0.42138	0.25857	11.51611
											-0.40701	0.43096	10.57279
>	11:17:41	51.132567	17.056563	116.80	12	19	19	0.01	7.40	35.00	1.27372	-0.74699	11.55921
											0.44532	-0.70390	13.15853
											-0.22984	-0.76614	8.52815
											-0.22027	-1.18752	9.27514
											0.87149	-1.73340	11.09952
											0.31125	-1.92015	9.09318
											-0.46926	-1.82438	7.96790
											0.22984	-1.36469	10.53449
											0.59855	-0.24900	11.33415
											-0.40223	0.84276	9.22725
											0.41659	1.21147	11.92312
											-0.07661	1.42694	12.11466
											-0.55545	1.51792	8.88728
											0.72784	1.43652	9.59596
											1.45089	1.12049	14.14973
											0.90501	1.05345	7.80989
											0.70868	1.03430	9.08360
											1.42694	0.89543	12.69885
											0.31603	0.82839	9.56723
											0.16759	0.89543	9.20331
											-0.37828	0.45011	13.68047
											-0.93374	0.45011	8.80109
											-1.88663	0.21548	9.39006
											-0.70390	-0.20590	11.02290
											-0.01437	-0.23942	11.51611
											0.68953	-0.17717	11.26711
>	11:17:42	51.132597	17.056539	116.90	12	19	19	0.01	7.40	35.10	0.17238	-0.02394	12.04283
											-0.16281	0.38307	9.34696
											0.23463	0.22027	10.39084
											1.06303	-0.09577	10.97023
											0.89064	-0.22505	10.20409
											0.29209	-0.05746	9.98861
											-0.35434	0.15323	11.51611
											0.85234	0.27294	8.93037
											0.07661	0.47884	9.47625
											0.46926	0.59855	9.91199
											0.00000	0.40701	12.55041
											0.01437	0.33040	9.50019
											-0.95768	0.26336	10.09395
											0.23942	-0.07661	10.94150
											-0.18196	-0.16281	10.72124
											0.68953	-0.33998	10.94150
											0.73741	-0.79966	9.95988
											1.67594	-1.00556	10.15141
											1.09176	-0.87628	12.14339
											1.01993	-0.68474	11.35809
											-0.40701	-0.27294	8.42280
											-0.40701	-0.55067	8.81545
											-0.95768	-0.77572	11.64061
											-0.60334	-0.79009	8.80109
											-1.21147	-1.33118	8.07804
											0.73741	-0.87149	12.11945
>	11:17:43	51.132618	17.056508	116.60	13	19	19	0.01	7.40	35.10	-0.11971	0.04310	8.52815
											0.81403	-0.03352	11.20965
											0.77572	0.04788	10.63026
											1.15879	-0.15323	10.31422
											2.08296	-0.12929	10.59195
											0.87628	-0.22984	10.53449
											0.50278	-0.41180	9.29908
											0.49799	-0.61770	10.26634
											0.72784	-1.00078	12.40197
											0.37828	-1.34554	11.83693
											-1.42216	-1.16358	7.60398
											-0.42617	-0.97205	9.80186
											-0.62728	-0.70390	10.95108
											-0.30646	-0.52672	10.18493
											0.05746	-0.19632	10.53449
											0.11971	0.34955	10.24239
											0.99599	0.65601	10.18493
											1.27372	0.77572	11.17613
											0.72305	0.44532	10.17536
											-0.62249	0.07661	7.38851
											0.65122	0.13408	5.76524
											1.86269	0.29688	15.93102
											1.56102	0.67038	10.29986
											-0.13408	0.85234	9.71567
											1.48441	1.05345	15.58146
											-3.00233	0.69911	7.13951
>	11:17:44	51.132642	17.056476	116.30	13	19	19	0.01	7.40	35.10	-3.59130	-0.16759	-0.45490
											-0.15802	-1.00556	15.66766
											0.89064	-0.01437	10.32380
											2.09253	0.47405	13.67568
											-0.29688	0.62728	13.91989
											-2.30801	0.93853	-2.11647
											5.77481	-1.10133	15.80173
											3.14598	-0.39265	16.59661
											-0.72305	1.12527	6.83305
											-0.21548	1.62806	9.72046
											-1.21625	1.17316	7.01501
											4.11324	-0.03352	14.62378
											-3.26090	-0.34477	12.49773
											-0.52672	-0.33519	7.27837
											-1.17316	0.93853	12.18649
											-1.49398	0.74699	2.01113
											2.89220	-0.22984	17.35317
											0.42617	-1.02951	10.43393
											-0.17238	-0.22505	9.39964
											1.93451	-0.25857	11.46823
											3.49075	-0.48842	12.29183
											0.48363	-0.77572	12.37323
											-3.31358	-0.85712	1.07260
											2.56180	-1.25935	20.66196
											1.04866	-1.44610	12.33014
											-3.21302	-1.30245	4.40054
>	11:17:45	51.132664	17.056438	116.20	13	19	19	0.01	7.40	35.20	-2.10690	0.62249	4.75010
											-0.43096	0.35913	4.28562
											2.17394	-0.66559	20.04905
											-1.57060	-0.35913	6.16268
											-2.74854	0.39744	6.78517
											2.63841	0.22027	12.54083
											1.91536	0.00479	14.61421
											-0.01437	0.68953	6.97192
											0.83318	0.00479	9.55287
											2.38941	-0.55067	11.74595
											-0.65122	-0.17238	7.95833
											0.94810	-0.57461	12.92869
											-0.49321	-1.13485	8.95431
											-1.25456	-0.82839	7.94396
											0.44053	-0.92895	14.67646
											-0.57461	0.24421	9.26556
											-2.29365	0.35434	6.50265
											0.85234	-0.41180	15.02601
											0.64165	0.15323	9.27514
											1.40300	0.47405	11.52090
											1.45089	0.51715	8.20253
											-5.82749	-9.12191	-5.82749
											2.11169	0.49799	12.07635
											0.55545	0.74699	11.21923
											0.56503	0.36871	7.56568
											-1.06781	0.19154	14.71476
>	11:17:46	51.132688	17.056395	116.40	14	19	19	0.01	7.40	35.20	-2.67672	-0.71347	6.76123
											-2.50912	-0.13408	-3.61046
											3.32794	-2.11169	21.24136
											-1.36469	-0.61770	8.86333
											2.55222	-0.46448	11.99495
											0.49321	-0.89543	16.27099
											-0.50757	-0.27773	4.34787
											0.42138	-0.04788	11.93749
											-0.90980	-0.40223	7.22091
											2.89698	0.12929	13.02446
											1.27372	-0.33040	17.61175
											-1.51792	0.18196	3.65834
											3.28484	0.75657	11.90876
											-2.24097	1.12527	16.75462
											-2.30801	0.93853	-1.79565
											0.13408	0.74699	10.31901
											2.24097	0.10056	14.86799
											1.47962	-0.67516	10.52012
											1.24498	-0.57461	9.58638
											0.77572	-0.64165	10.76912
											2.11169	-0.84276	12.45464
											-1.69509	-0.53151	9.72525
											2.47560	-1.47483	8.80109
											0.44053	-1.50835	12.73715
											-0.76614	-1.81002	11.38682
											-0.08140	-0.81403	7.93917
>	11:17:47	51.132711	17.056357	116.20	14	19	19	0.01	7.40	35.20	-1.86748	0.69432	1.00078
											-1.63285	0.19632	12.87123
											1.44610	-0.29688	19.00996
											-2.07817	0.38786	3.01669
											0.37828	0.31603	10.97981
											2.89698	-0.84276	17.70752
											-0.28730	-0.02394	7.35499
											3.27527	-0.15323	7.61835
											1.62806	-0.56503	12.36845
											-0.30646	-0.55545	7.62314
											0.87149	-2.25534	13.28303
											-0.39265	-1.18752	10.05565
											-0.34955	-0.03831	8.24084
											-1.31681	-0.65122	11.48259
											1.15401	-0.97683	9.44273
											-1.87705	-1.26893	9.27035
											2.76291	-0.68953	11.77947
											-0.27773	-0.55067	15.16966
											-0.75178	-0.39265	3.22738
											3.09810	-1.21625	13.87679
											0.98162	0.49321	11.54963
											1.61848	0.49321	2.79164
											2.33195	-0.43096	19.50317
											1.25935	-0.25379	11.16177
											-2.35589	0.43574	5.91847
											-0.98162	-0.24900	6.45956
>	11:17:48	51.132735	17.056318	116.60	14	19	19	0.01	7.30	35.30	1.13006	-1.16358	14.03002
											-1.60412	-0.29688	6.68940
											-1.18274	-1.03430	8.28394
											3.19387	-1.72861	18.02355
											-0.84276	-0.62249	7.14909
											-2.86825	-0.40701	4.70700
											1.78607	-1.01993	13.22557
											1.47962	-0.16759	13.61343
											-0.98162	0.69432	4.51068
											2.94008	-0.49799	14.73871
											0.25379	0.42617	10.80743
											-0.16759	0.07183	7.26880
											1.51792	-0.08140	10.24239
											1.09176	0.81882	10.82658
											-1.01035	1.00078	10.33337
											1.21625	0.85234	12.65096
											-0.62728	0.84755	4.56335
											0.26815	0.40223	10.65899
											0.19632	0.55067	14.18804
											-1.48919	-0.14844	6.44519
											1.47962	-0.57461	12.55998
											-0.27294	-0.58897	9.33260
											2.59531	-0.51715	11.18092
											1.98719	-0.68953	13.24472
											0.70868	-0.99120	10.07959
											-1.27850	-1.34075	8.30788
>	11:17:49	51.132760	17.056280	116.90	14	19	20	0.01	7.40	35.30	1.38385	0.33998	11.46344
											-0.77572	0.33040	5.57370
											-1.56102	0.45490	6.20577
											0.76614	0.31125	14.60463
											-2.05901	0.29688	8.34619
											0.83318	0.06704	8.16902
											1.10133	0.22984	13.76666
											2.10211	0.37350	11.04206
											-0.11492	0.77572	9.59596
											0.68474	0.34477	10.09395
											-0.36392	0.26815	9.24162
											0.88107	-0.40701	9.82580
											1.14443	0.22027	11.05163
											2.25534	0.17238	13.96298
											-0.68474	-0.39265	8.94474
											-0.12450	0.12929	8.26478
											1.01993	-0.39265	17.32444
											-3.55300	0.84276	6.02381
											0.01437	-1.42694	9.71088
											0.56024	-0.77093	11.32457
											1.54665	-0.01437	10.92235
											0.31603	-0.22505	11.49696
											0.30167	0.80924	6.38773
											2.33195	-0.35913	17.13291
											0.21069	0.47405	8.23127
											0.22505	-0.26815	10.23282
>	11:17:50	51.132781	17.056243	117.10	14	19	20	0.01	7.30	35.30	1.84354	0.18196	12.13860
											0.54109	-0.14365	11.99974
											0.42138	-0.18675	7.69018
											-0.61292	-0.38307	15.71075
											0.97683	-0.11492	9.77792
											-1.51792	0.00958	1.28329
											1.34075	-0.98641	10.26155
											2.56180	0.30167	18.05707
											-2.76770	0.02394	1.84354
											1.37427	-1.44131	11.11867
											2.69587	-0.83797	13.56555
											-1.74298	-1.04387	6.54096
											-0.78051	-0.75178	5.15232
											1.92494	-0.20111	16.11777
											-0.40701	0.54109	11.22402
											-0.50278	-0.17238	7.29753
											2.65278	-0.59855	14.89193
											-0.28730	-0.06225	7.69975
											1.62806	-0.75178	10.15141
											1.22104	-1.01993	16.91743
											-0.69911	0.20590	2.93050
											2.06859	0.21069	10.86489
											-0.16281	-0.29209	15.51443
											-0.23942	-0.28252	5.64553
											-0.37828	0.67995	13.48414
											0.22984	0.72784	13.11065
>	11:17:51	51.132802	17.056204	117.00	14	19	20	0.01	7.40	35.40	2.75812	-0.62249	11.06121
											-0.50757	-0.44532	11.00854
											-0.66559	-0.60813	7.86735
											0.70390	-0.34955	9.86890
											2.21224	0.02394	12.44985
											-0.73263	-0.03831	10.20888
											-0.11013	0.46926	7.92481
											0.90980	-0.09098	12.49773
											0.40223	0.23942	11.11388
											-0.26815	0.15323	7.90565
											2.05422	-0.06704	9.95030
											0.09577	-0.06704	15.64371
											-0.68953	0.06225	4.85065
											3.25611	-0.54588	15.11220
											1.37427	-1.44131	15.76342
											-1.92973	-0.41180	5.66947
											-0.80924	-0.44053	7.93917
											0.71347	-0.59376	10.83616
											0.35434	-0.70390	11.66934
											-1.30245	-0.26815	7.06768
											1.74777	-0.18196	14.04918
											-1.24020	0.45969	9.47625
											-2.22182	0.45011	5.65989
											1.75734	-0.32082	16.50563
											0.14844	-0.21069	6.81390
											-0.65122	-0.49799	13.79060
>	11:17:52	51.132822	17.056160	116.90	14	19	19	0.01	7.30	35.40	-0.47884	-0.52672	9.09797
											-0.75657	-0.11492	3.58651
											4.06057	-1.29287	16.05552
											0.05267	0.09098	11.22881
											0.56982	-0.06225	7.41724
											0.23942	-0.08140	10.58237
											2.86825	0.06704	13.62780
											-2.22182	0.71826	9.50977
											-0.86191	1.24020	3.65355
											1.80523	0.16281	14.14973
											0.45490	-1.21147	11.53048
											-2.67672	-0.93374	5.04219
											2.32238	-0.92895	12.41154
											-1.26414	-1.12049	13.17769
											0.01915	-1.50356	7.27837
											1.02472	-1.46046	9.51935
											1.54187	-2.64799	11.99495
											1.35512	-1.34075	9.79707
											0.94332	-0.91937	10.90798
											1.98240	0.00958	10.87446
											-1.57538	-0.14365	8.98783
											-0.52672	0.12450	9.68215
											1.24977	-0.40223	12.65575
											-1.32160	0.24900	6.53617
											-0.64165	-0.10534	10.57279
											0.93374	0.06704	10.73560
>	11:17:53	51.132844	17.056122	116.50	14	19	19	0.01	7.30	35.40	-1.86269	0.22027	10.48660
											-2.07817	0.06225	2.52828
											3.50032	0.63207	21.70104
											-2.59053	0.11971	2.26013
											1.23062	-1.26893	14.95897
											0.69911	-0.67516	11.36288
											-1.81480	-0.57940	7.89129
											3.43807	-0.20111	13.81454
											-1.56102	-0.25379	6.42125
											2.97360	-1.60890	10.58237
											0.23942	-1.68073	10.02692
											2.24097	-2.29843	9.07402
											2.34632	-0.70390	12.89996
											-2.89698	-0.76136	10.11311
											1.43652	-0.37350	10.10832
											-0.75178	-0.93853	10.71166
											0.78051	-1.28808	11.48738
											-1.55144	-1.35991	8.71011
											-0.44053	-0.04788	7.02938
											3.16513	0.32082	13.53203
											-0.23942	0.92895	12.14818
											0.00479	0.86191	10.60631
											-1.69988	0.13408	7.29274
											1.28808	-0.00479	9.36133
											0.99120	0.09098	15.34204
											1.02951	0.92416	11.54005
>	11:17:54	51.132868	17.056079	116.50	14	19	19	0.01	7.30	35.40	-0.15323	-0.43096	11.92312
											0.43096	-0.72305	8.88249
											0.05267	-0.36871	9.91199
											2.03507	0.08140	14.97334
											1.55144	0.12450	8.83460
											-0.80924	-0.67038	4.65912
											1.85790	-1.09654	14.93503
											-3.25611	-0.34477	6.82347
											2.10690	-0.83318	9.58160
											-1.37427	-0.82361	13.45063
											-0.09577	-0.16281	9.11233
											-1.55623	0.31125	10.51533
											1.59933	0.23463	9.05487
											1.71425	-0.00958	13.03403
											0.54588	0.77572	9.79228
											2.71981	0.47405	11.50653
											2.08296	0.48363	11.06121
											-0.65601	0.03831	9.09318
											1.73819	-0.18675	10.75954
											-2.38941	0.68474	8.85855
											-1.38385	0.39265	8.84418
											-0.77093	0.90022	9.64863
											0.36392	0.48842	13.59907
											-1.35512	0.43574	10.05086
											0.92895	0.59376	8.14029
											1.21625	-0.53630	16.17523
>	11:17:55	51.132891	17.056035	116.00	15	20	22	0.01	7.30	35.40	3.95043	-0.37350	13.73314
											0.99599	-0.06225	12.79940
											-0.53630	0.07661	7.40766
											2.06380	-0.48842	12.91432
											-1.92015	0.72305	3.73974
											1.18274	0.12450	12.83292
											-1.11091	-0.09098	14.65251
											-1.24498	0.25857	4.40054
											-0.10056	0.66559	13.86243
											-0.55545	0.90501	10.14184
											-0.62728	-0.39265	9.97903
											2.86825	-1.74777	11.72201
											-1.29287	-0.74220	7.90087
											3.93128	-1.48441	6.44519
											2.29843	-1.49877	15.47612
											2.48039	-1.43173	10.91277
											-1.09176	0.00958	7.81946
											-0.09098	-1.16358	11.31979
											-0.04788	-0.29209	11.13304
											-1.64242	-0.26815	9.13627
											1.59454	-2.22661	12.58392
											-1.13485	-0.23942	7.25922
											1.54665	-0.40223	11.14261
											-1.05824	0.01915	8.45632
											1.95367	0.03352	13.18726
											-1.28329	0.64165	7.18261
>	11:17:56	51.132913	17.055993	115.70	15	20	22	0.01	7.30	35.40	2.07817	-1.22583	16.50563
											-3.48596	-0.01915	5.04698
											2.82995	0.29209	8.86812
											1.24977	-0.72305	15.13135
											3.04542	-0.74220	10.86010
											-3.09331	0.26815	4.03662
											3.62961	-0.05267	12.58871
											-1.03908	0.04788	11.81299
											0.06225	0.18675	8.37013
											-0.16759	0.04310	11.08037
											2.42293	0.35434	13.64695
											-1.64721	0.72784	8.84897
											0.03352	0.22984	9.41879
											0.57940	0.05267	12.95263
											0.23942	-0.15323	12.44506
											-1.37427	0.38307	9.63906
											2.63841	-0.51236	16.16086
											-3.21781	0.23463	10.63504
											-0.57461	0.49321	2.79643
											3.74453	-0.17238	17.17600
											2.51391	-0.59855	14.54717
											-2.71024	-0.71826	3.93607
											3.63440	-1.02472	9.54808
											-0.37350	0.17717	15.88313
											0.22984	0.13408	9.44273
											-2.19309	-0.11013	7.26880
>	11:17:57	51.132932	17.055949	115.70	15	20	22	0.01	7.30	35.50	1.58975	0.23463	8.58082
											-0.75657	0.12929	15.06432
											0.67995	0.06704	10.79785
											-0.38786	-0.56982	9.52413
											-0.93374	-0.79487	9.50977
											1.83875	-0.56982	14.85363
											-0.08140	0.09577	10.91277
											-3.04064	-0.98641	6.24887
											0.35434	-1.44610	8.17859
											1.67115	-0.15802	13.92947
											1.36948	0.56982	8.58561
											-0.34477	-0.10056	8.64786
											1.50835	0.74699	11.46344
											1.38864	-0.15802	12.68927
											-0.24900	-0.38786	8.79151
											1.61369	-0.26336	11.60230
											-0.66559	0.93853	12.60308
											0.22505	0.97205	4.97515
											2.75333	-0.37828	16.65886
											-3.17471	0.19154	7.90087
											-2.51391	-0.11492	2.63841
											2.01592	-0.88585	16.56309
											0.83797	0.10056	10.59674
											-0.43096	-0.65601	10.23761
											1.06303	-0.72305	11.82736
											-1.64721	-1.02472	7.34541
>	11:17:58	51.132950	17.055905	115.70	16	20	20	0.01	7.30	35.50	0.82839	1.71425	14.87757
											-3.59130	0.72305	2.40857
											4.04141	-1.19231	15.37078
											0.70868	-1.21625	12.99573
											0.79966	-0.95289	11.66455
											-4.42448	0.50278	-1.71425
											3.42850	-0.82839	19.14404
											-1.63285	0.21548	9.03572
											1.88184	0.90022	10.07001
											1.77171	1.15879	15.66766
											-3.39977	-0.58897	3.74932
											1.30245	-2.28407	12.08114
											0.43574	0.46926	9.33260
											1.63285	-0.18675	12.37323
											-0.88107	-1.22583	8.55688
											4.07972	-1.71425	14.46577
											-0.85234	-0.09577	6.56011
											-0.09577	0.43096	9.79707
											0.71347	-0.89543	9.93594
											0.17717	-1.09176	7.99185
											-0.52672	-0.85712	11.56878
											1.50356	-0.36871	13.16811
											-1.00556	-0.45969	7.97269
											0.68953	-1.27372	8.12592
											1.12049	-1.62327	13.07234
											0.77572	-1.07739	8.92080
>	11:17:59	51.132969	17.055859	115.60	16	20	20	0.01	7.30	35.60	1.89621	-0.28252	7.84340
											2.60010	-0.53630	12.32535
											-1.19710	-0.18675	10.72602
											1.31202	-0.48363	7.00065
											0.02394	-0.42617	13.32134
											-0.26815	-0.71826	11.19529
											-1.30723	-0.59855	10.22324
											-0.75178	-0.66080	7.56568
											3.05979	-0.51715	17.24304
											-2.76291	0.93374	7.01980
											3.43329	1.12049	8.11634
											0.46448	1.09654	12.45464
											1.76692	-0.18196	9.87369
											-0.60813	0.43096	8.52815
											1.97282	0.13886	14.09706
											-1.56581	0.19632	8.38928
											-0.86191	-0.25857	5.88974
											3.22738	-1.60890	15.28937
											-1.52271	-0.30167	8.90643
											0.72784	-0.26336	11.05642
											-2.06380	-0.89064	8.28394
											0.57940	-0.90022	9.93115
											0.42617	-1.93930	11.84651
											0.73263	-0.07183	11.78426
											1.19710	0.23942	15.98369
											-3.75411	0.62728	2.46124
