>	11:18:01	51.116526	17.051661	134.10	24	43	64	0.00	8.00	51.60	12.24634	12.69166	3.17471
										12.73715	12.43070	4.17549
										10.70448	13.76187	3.76368
										10.36929	12.39239	4.82192
										11.76750	13.03643	3.71820
										13.23515	13.19923	4.12760
										10.81940	12.31577	4.80756
										10.89362	12.50252	4.55377
										10.87446	12.46182	3.22738
										11.89679	13.12980	3.75411
										12.14818	12.77785	4.63757
										11.03248	13.60625	3.05021
										11.90876	13.84806	2.06620
										10.11071	12.98376	3.38540
										11.21684	12.87362	3.12204
										11.69807	12.78983	3.02627
										11.11628	11.98537	3.74214
										10.97263	14.20480	2.11647
										10.81700	13.34049	2.97120
										11.32697	11.62864	3.67031
										12.29662	12.17212	2.59771
										12.10269	13.42908	4.20661
										12.91672	12.42830	4.75010
										11.66455	12.04523	2.81798
										9.10754	13.31416	7.24485
										10.75715	13.98453	2.30322
>	11:18:06	51.116541	17.051966	129.60	34	55	68	0.00	8.00	51.50	10.60871	13.58470	3.62003
										10.51533	15.29416	2.60729
										11.08276	14.37479	1.88903
										11.74835	12.99573	4.20422
										11.22402	12.21043	5.05177
										11.37246	13.02206	5.81791
										10.05565	12.39957	4.22816
										9.97664	14.01805	3.50272
										25.56529	26.32185	7.76679
										13.08431	13.27824	4.83389
										11.85130	13.34289	1.61130
										10.91038	13.66850	3.88100
										11.60470	12.26789	5.04937
										12.48576	14.09227	2.93050
										11.19768	13.60864	3.02627
										11.04924	13.03643	3.72777
										10.41478	11.43231	6.19859
										12.16254	12.18888	5.57849
										11.52808	12.98136	3.56736
										11.30303	13.04122	6.03099
										12.47140	10.94390	4.68306
										11.35570	13.24712	4.21140
										10.28549	11.92791	2.56419
										9.20571	13.68765	3.72538
										10.71166	12.81856	3.18429
										12.49055	14.53999	3.59609
>	11:18:10	51.116546	17.052184	127.80	34	55	68	0.00	8.00	51.50	11.07558	12.22240	3.81396
										10.67096	11.84890	5.42287
										11.40119	12.54083	3.02388
										11.52808	12.43788	5.53539
										11.14980	11.57596	5.61919
										10.68293	14.16410	3.09091
										11.78905	12.04044	4.06535
										11.14501	11.82496	5.96635
										10.30704	12.09311	4.65193
										10.54646	11.03488	4.10606
										8.39647	12.46900	3.66073
										10.16817	11.34373	3.44047
										10.37886	14.44182	2.02789
										10.31662	11.85609	4.86502
										10.70926	13.31894	3.29442
										11.54963	14.14734	2.92811
										11.12825	8.14029	12.91432
										13.01249	10.81940	4.59447
										13.73075	14.55196	1.42455
										11.90397	10.39562	11.68849
										11.93270	5.97353	7.80270
										14.05636	14.50647	3.50511
										10.40041	16.35240	2.91614
										11.48738	13.39077	3.95283
										11.87524	7.58722	15.58386
										12.51928	14.73152	2.11408
>	11:18:15	51.116510	17.052272	125.90	34	55	68	0.00	8.00	51.50	15.64132	13.69005	2.77727
										13.06037	13.65174	1.92973
										12.37084	14.54478	3.12204
										10.47703	12.18409	3.85466
										11.84651	12.01171	5.33907
										11.77708	11.18332	5.86819
										11.38204	10.48660	8.04212
										10.74039	11.64540	5.09965
										11.37006	12.58392	4.41251
										11.52329	12.92630	2.75812
										11.64779	12.22240	4.09648
										11.22881	13.04361	2.38223
										11.61667	11.60470	4.49870
										10.91277	10.93671	6.34942
										10.20409	14.13776	3.49553
										10.42196	12.93108	3.07894
										10.40281	11.83214	5.58567
										11.42513	13.03882	6.31112
										9.64624	12.22001	4.47955
										10.95108	12.84250	2.63362
										11.09234	13.19445	5.23851
										10.72124	12.86165	3.21541
										10.95587	14.34845	3.40695
										11.37725	12.76588	1.49159
										12.06438	13.88637	4.45561
										11.52090	13.24951	5.18584
>	11:18:20	51.116527	17.052597	122.70	34	55	68	0.00	8.00	51.50	10.80503	11.68370	6.16746
										10.90080	13.07234	3.16274
										11.48259	12.71800	4.15873
										11.82017	12.58871	3.57694
										12.00453	13.86961	2.62405
										11.85369	13.52963	3.22260
										12.02129	13.21360	2.61207
										10.34774	13.53442	4.77404
										10.98699	14.39394	2.41575
										11.78187	12.29662	4.20182
										10.56322	13.80976	5.35822
										11.61427	12.31817	5.60004
										11.54963	12.75631	4.66151
										12.02129	11.95185	3.05500
										11.17613	13.33092	3.74214
										11.94946	11.94467	4.16352
										10.46506	13.35725	1.85311
										11.88003	12.16254	4.43885
										11.71243	12.88320	2.85628
										10.54406	13.09868	4.67109
										10.93671	13.61104	0.42138
										11.63343	13.01249	3.98395
										11.20486	12.76588	4.64236
										11.70286	12.89038	3.70862
										12.64857	12.66533	3.06697
										11.63343	13.79778	3.32794
>	11:18:24	51.116503	17.052870	120.50	40	63	82	0.00	8.00	51.40	10.37886	13.37640	4.35505
										10.85052	11.53048	5.38695
										11.46104	12.88559	4.12282
										11.60948	11.90397	2.91374
										11.02051	12.46900	4.60405
										11.40598	13.12022	3.82115
										11.90876	12.77546	3.81636
										10.49379	12.53365	3.92649
										12.85207	13.68286	1.97043
										12.44745	14.10903	3.50272
										11.56639	12.79701	2.80840
										9.70370	12.57435	4.29041
										9.95270	12.86165	3.89537
										10.83855	13.19445	3.57454
										12.18888	12.53365	5.00149
										12.70603	11.63582	6.67025
										11.56639	13.16093	3.70622
										11.15698	12.00932	4.47237
										10.35732	13.96777	2.26491
										10.74039	13.69962	4.61602
										10.83137	12.46421	4.33590
										11.84651	13.84327	2.56898
										12.17452	13.15614	2.73897
										11.31021	12.94066	4.68545
										10.88644	13.12501	4.62799
										11.43231	12.25352	2.98078
										9.76116	13.30937	3.31597
										11.58554	11.78187	4.30238
										12.80659	14.29338	0.84036
										10.80503	12.89038	2.62883
										11.26711	12.61505	3.99113
										10.52252	15.63414	4.97036
										11.47541	9.42118	7.08205
										11.25275	11.95425	4.98473
										10.86489	11.85130	7.30232
										12.70363	13.66371	6.49786
										11.52808	12.32774	6.19380
										11.01093	13.89834	2.09253
										10.28788	11.74835	4.70700
										11.21205	14.55435	2.10690
										11.14261	14.35324	4.42688
										12.23676	11.75314	1.66876
										11.30303	14.38436	2.79882
										10.89601	13.25669	5.26724
										11.58554	13.24712	3.69425
										11.95185	12.56477	1.87227
										10.76433	13.85525	3.17471
										11.36288	12.90475	3.07176
										11.89439	14.87757	-0.45729
										11.81299	12.92151	3.83312
										-2.30083	32.02724	5.05655
>	11:18:33	51.116507	17.053345	116.80	38	62	78	0.00	8.00	51.40	10.67814	11.78905	5.42526
										11.32697	12.66533	2.94487
										11.58075	12.27747	4.54419
										11.15459	13.96059	3.63200
										11.64779	12.90954	3.22260
										11.53526	12.55519	3.24175
										11.47301	14.32451	2.89459
										11.04685	12.10508	3.45962
										11.29584	13.70202	3.86424
										11.03727	13.05319	2.85868
										11.26472	13.29500	3.76847
										12.12424	13.01009	3.72298
										11.18810	12.83771	5.08768
										11.38443	12.31577	4.26886
										11.31021	12.97657	3.79481
										11.38204	12.24395	4.58490
										11.35091	12.54322	2.54264
										11.30542	12.53365	3.67271
										11.10910	12.96700	2.58095
										10.72363	11.67173	4.74052
										10.90319	11.99974	3.77326
										11.13783	14.30296	3.47878
										12.24874	12.62223	2.58813
										11.59272	11.03248	6.31112
										11.02290	12.76110	5.19302
										-2.30083	4.90333	0.00000
>	11:18:37	51.116434	17.053740	113.50	38	62	78	0.00	8.00	51.40	11.61906	12.22958	5.59285
										9.81623	12.51689	2.87544
										10.20409	12.83532	3.12683
										11.21444	11.10431	6.37336
										10.69729	14.80335	1.16837
										11.18332	14.49210	2.73657
										9.60314	13.69244	3.26809
										11.41316	12.78983	2.37265
										11.16656	13.25909	3.20344
										10.22085	12.09551	4.11803
										11.44668	12.27986	4.14676
										12.93108	11.29824	4.49631
										14.12100	12.02368	3.05261
										11.24317	12.12903	3.75411
										11.84172	12.77067	4.02226
										10.75715	13.65413	2.38223
										9.97903	12.66533	4.82192
										10.72124	11.97819	4.02465
										10.73081	13.13459	6.12437
										12.03326	12.14579	4.03423
										11.97101	12.40675	5.22894
										11.82975	11.85848	3.77566
										11.37485	11.27190	4.15155
										10.90080	12.40436	2.53546
										11.32457	13.09149	4.46519
										9.75158	12.97657	3.03824
>	11:18:42	51.116377	17.053965	111.40	38	62	78	0.00	8.00	51.40	10.29746	12.31338	3.98874
										10.65659	11.56399	4.29520
										11.83933	13.48654	3.23217
										12.63660	11.91834	1.69988
										13.05558	11.40837	5.78679
										11.01572	12.31099	3.10049
										10.81461	13.54639	5.15711
										9.55765	13.14417	3.67271
										11.03488	13.61104	2.92332
										12.44267	12.14818	3.82833
										12.39239	13.36204	2.63123
										11.80820	12.68687	4.01508
										10.21845	11.69567	5.36780
										10.93911	12.85207	3.65595
										12.05241	12.99333	4.76446
										12.06438	12.51928	3.74693
										10.96784	13.23036	4.37660
										10.75236	12.33493	4.10606
										10.56561	12.79461	5.50666
										10.53928	12.44985	2.73657
										10.71405	13.82412	2.23140
										11.30063	14.57829	2.59292
										12.15536	11.55681	3.56736
										13.56315	12.16733	3.14598
										11.12107	13.69723	3.18189
										11.22881	13.04840	4.69982
>	11:18:47	51.116358	17.054038	110.20	34	56	74	0.00	8.00	51.40	11.21205	14.42507	3.24414
										11.58315	13.04601	4.38857
										10.81461	14.40591	4.74770
										13.40274	13.01009	4.93206
										12.94545	13.98453	2.89220
										11.22641	14.38915	3.05979
										11.82975	12.70363	5.74848
										10.64462	14.61900	4.19943
										11.89439	12.49294	5.62877
										11.98298	13.17529	3.89297
										10.62307	13.69005	1.53229
										11.42513	13.43865	3.87382
										10.93192	12.65336	4.00550
										10.28549	14.21916	3.18429
										10.47703	13.10107	4.16831
										12.99094	12.71560	3.88340
										11.39161	13.09389	3.60567
										11.16177	13.18726	1.49877
										10.56322	13.99890	1.89621
										10.51294	13.38119	5.25048
										11.46823	11.80581	5.19302
										12.39718	14.27184	3.96480
										10.12268	12.30380	2.50194
										10.41717	14.28381	1.90339
										12.47140	12.46661	3.20584
										11.47780	11.11388	8.17620
>	11:18:51	51.116312	17.054290	107.50	36	58	78	0.00	8.00	51.40	10.97502	13.97974	4.40294
										23.69781	26.15905	5.68862
										10.57040	13.41232	3.70383
										10.61589	13.48175	4.18506
										11.16895	13.00530	3.99113
										13.20163	14.21438	1.26893
										-2.30083	4.90333	0.00000
										10.37168	12.93827	3.41413
										12.71082	13.65174	4.12760
										11.97101	13.15374	4.60884
										12.17452	11.75074	3.90255
										11.76750	12.15776	7.16824
										11.74595	13.33092	3.16992
										11.25754	13.29261	3.63919
										9.80665	11.14740	4.01268
										11.54005	13.35965	3.05500
										11.04924	13.57273	1.96803
										11.20965	13.14417	3.90973
										10.62307	14.37479	1.22104
										12.27986	13.38838	2.84910
										10.52491	14.67885	2.76530
										11.12825	13.57273	2.10929
										11.55681	14.13537	1.87227
										10.85052	13.69244	5.62159
										11.83214	13.98214	0.91937
										12.71082	13.10107	4.11803
>	11:18:56	51.116304	17.054577	107.10	39	63	78	0.00	8.00	51.40	10.31183	11.75074	5.41090
										11.17374	12.01889	5.57849
										11.05403	12.10508	4.76925
										10.99417	12.95263	2.36787
										11.02290	12.75631	3.77326
										11.54005	12.99812	2.96163
										12.28944	13.60864	2.65517
										12.71082	11.44668	5.03022
										12.10987	12.82095	3.45723
										11.68849	12.24634	4.52025
										10.55843	12.07875	3.33512
										10.64223	12.63420	4.65672
										11.53048	12.41633	4.60405
										10.93192	11.63582	5.26724
										10.73560	12.67012	4.35026
										11.90158	11.41077	3.71341
										11.46823	12.15776	5.01825
										11.03488	12.77067	2.98796
										11.47541	13.73793	2.90896
										13.52724	12.81377	3.63200
										10.75715	13.28303	4.34069
										10.27591	12.88320	5.15232
										12.34690	10.30464	1.69988
										11.93031	13.57034	3.68228
										10.57758	12.95503	2.29843
										10.26155	12.18170	4.66869
