>	11:00:01	51.110632	17.032796	121.60	29	51	62	0.00	7.60	49.90	11.49217	13.02446	3.40934
										11.52329	11.51372	4.44364
										12.43788	11.82736	4.37899
										12.29901	13.25669	2.31040
										12.26789	13.16332	3.48356
										10.75715	11.84890	3.22978
										9.65342	12.41633	9.46667
										11.16895	12.14579	3.94086
										11.82736	12.50013	5.19781
										11.39401	12.12184	4.19943
										11.31739	13.23515	3.91691
										8.96389	12.65096	4.14197
										14.13776	12.45224	3.77326
										12.53843	12.32296	2.94247
										11.59033	13.06037	3.45962
										12.11945	11.99016	6.33027
										12.87362	12.64617	3.64637
										11.97819	13.10825	2.80122
										10.92235	12.97178	4.31914
										-0.00239	-0.00239	-0.00239
										10.68772	12.08832	3.83072
										11.64779	11.94946	4.29520
										11.47541	11.24796	4.72615
										11.24796	12.32535	3.90973
										10.97263	11.71004	4.48673
										10.85292	12.72758	3.63440
>	11:00:05	51.110686	17.032669	123.80	28	48	62	0.00	7.60	49.90	10.70208	12.90475	4.00071
										10.69969	12.38281	2.42293
										11.18810	12.39957	4.66391
										12.32056	12.93827	2.00395
										13.28543	13.06037	3.19865
										13.02206	13.25430	3.15795
										12.79461	12.77546	4.46040
										12.47379	12.85447	4.31914
										10.50576	13.06995	3.28006
										10.72124	12.40197	3.73256
										8.95910	12.48337	3.75411
										10.57040	12.28226	3.51229
										12.22001	12.24155	4.32153
										10.66856	12.28226	3.81875
										9.25119	12.49294	3.31358
										9.23922	12.33493	4.31675
										10.03649	12.24155	3.77326
										9.41879	12.85207	3.31597
										11.01093	12.60547	3.80678
										11.56399	13.18966	2.86347
										11.50653	13.67089	3.88100
										11.12825	13.87679	4.05338
										12.31099	13.75469	3.40216
										12.89517	13.21120	4.89614
										12.59589	14.39394	2.90896
										12.58871	14.33887	3.92888
>	11:00:09	51.110697	17.032571	125.60	27	47	60	0.00	7.60	49.90	11.37246	14.37958	1.87227
										11.00136	15.17206	3.55778
										10.50576	16.09382	0.11492
										11.81299	13.72835	6.02860
										12.15057	13.91749	4.73094
										12.97418	12.71082	4.52265
										10.65420	13.20881	4.79798
										11.37964	13.77384	4.76446
										-0.00239	-0.00239	-0.00239
										-0.00239	-0.00239	-0.00239
										11.37964	12.45464	5.02543
										9.94791	12.65336	4.91290
										10.04607	14.02523	2.23140
										10.48182	13.68047	3.66792
										11.33894	13.76427	2.65996
										12.45703	12.99812	3.57215
										11.93510	13.68526	4.03902
										10.76433	13.05798	3.30879
										10.79306	13.75469	2.80361
										11.17853	13.62540	4.01747
										10.52730	13.72356	4.57771
										10.74997	12.85447	5.97832
										11.01572	12.86165	4.54898
										12.15776	11.94946	6.24408
										10.88165	14.57829	2.29604
										11.41316	12.97418	4.58011
>	11:00:13	51.110711	17.032372	130.80	27	47	55	0.00	7.60	49.90	11.33654	12.71321	4.03902
										10.84813	13.97974	3.58412
										10.57758	14.59505	1.89860
										10.97981	13.25669	3.21062
										11.23838	13.16332	2.94487
										10.86249	13.60146	3.14598
										11.41077	11.82975	3.17232
										-0.00239	-0.00239	-0.00239
										11.99016	13.10825	4.40054
										11.72680	13.47936	3.17471
										11.49935	12.87123	3.44286
										11.21684	13.34767	4.70939
										11.41077	12.32535	3.84748
										11.57596	12.93108	4.05817
										-2.30083	-0.00239	39.04225
										11.82736	12.34450	5.14514
										11.92552	11.98298	3.86424
										11.90397	13.27585	4.03184
										11.63343	11.81060	5.71975
										11.52808	10.78348	5.89931
										10.64223	13.10825	3.14598
										10.85052	13.40035	2.98557
										-0.00239	-0.00239	-0.00239
										-0.00239	-0.00239	-0.00239
										-0.00239	-0.00239	-0.00239
										10.61589	12.96460	2.74854
>	11:00:17	51.110744	17.032129	134.80	28	47	56	0.00	7.60	49.90	11.24317	13.06755	2.61926
										-2.30083	0.00000	0.00000
										11.38682	10.25197	5.73651
										11.41316	13.73314	1.45089
										11.24557	13.74032	4.58729
										10.94150	11.76271	2.93050
										10.83855	13.75469	1.65679
										11.15219	13.61582	2.99275
										11.89200	12.50731	1.70467
										11.95185	12.24395	5.83228
										12.34929	11.99734	4.15155
										25.41685	22.90772	6.89530
										-2.30083	0.00000	0.00000
										10.83137	13.14417	4.29041
										11.19529	13.94383	1.93691
										12.70363	11.80341	6.05972
										12.95024	12.27028	0.39983
										11.81299	13.76427	4.53701
										11.37725	12.31338	3.98156
										10.93432	13.36922	2.19309
										11.53048	13.50330	3.71101
										11.46104	12.70363	1.81959
										10.83616	12.45224	5.16669
										10.81940	12.22479	4.01747
										11.65258	13.50569	3.14598
										11.14501	13.14656	4.69503
>	11:00:20	51.110773	17.031962	134.30	26	42	50	0.00	7.60	49.80	10.98939	12.76349	3.70383
										22.74492	26.30270	8.92558
										11.14980	12.67012	4.12760
										10.82897	12.51449	2.80361
										11.23599	14.02044	4.79559
										11.56160	12.98136	4.58490
										10.98220	13.44823	4.19704
										11.30542	13.22557	3.91213
										10.88404	13.87440	3.26330
										11.09473	12.60308	3.91452
										11.91355	13.18487	4.93684
										11.39401	12.74912	2.91614
										11.36288	13.90313	3.79960
										11.29584	12.78743	4.47955
										11.57357	13.37640	6.33266
										11.99256	12.37563	2.83952
										11.40119	11.58554	4.61123
										11.14501	13.08192	4.30238
										10.98699	12.77067	4.97994
										11.42034	13.70680	1.10133
										11.47062	12.65096	6.09324
										11.38443	13.25909	4.35026
										11.65497	12.37323	3.05500
										11.69567	13.74751	3.72538
										10.50576	11.71004	3.40695
										10.16817	13.63258	5.27682
>	11:00:24	51.110812	17.031753	134.90	27	47	58	0.00	7.70	49.80	10.82179	14.35324	1.80044
										11.06361	13.62780	4.07014
										11.17134	12.28944	2.89698
										11.82496	12.63181	4.90093
										11.82975	11.01333	6.10761
										13.14417	13.71159	1.33357
										11.88242	13.86722	3.04303
										11.56878	11.64540	3.19147
										12.55280	12.78264	3.52426
										11.99495	13.74751	3.29682
										10.05565	12.47858	1.95846
										11.49935	13.04601	3.35188
										10.63504	12.01171	3.15556
										11.30542	11.98059	3.85227
										12.09551	11.39640	3.64398
										13.03164	11.21923	3.17950
										13.44344	10.70448	3.52187
										23.70739	23.26206	7.92002
										11.27190	11.71004	3.64158
										11.03966	11.87764	3.65355
										9.72525	11.92552	3.51229
										11.45386	11.83214	4.30956
										12.13381	13.50569	0.97923
										13.05558	12.22719	4.62320
										12.61265	11.89439	6.06930
										13.31416	5.71496	16.36197
>	11:00:27	51.110809	17.031595	136.20	29	48	60	0.00	7.60	49.80	11.92312	13.72356	3.69186
										11.98059	12.75870	1.98958
										11.47062	15.81610	3.09091
										11.00615	14.74589	1.73101
										12.41872	11.21923	10.57758
										8.42998	11.62624	-2.94726
										13.33810	14.47534	5.26485
										12.31099	13.44584	1.65918
										11.91594	11.21923	4.57532
										10.55125	12.99812	3.47159
										9.59117	14.25508	5.91128
										12.00213	11.41316	2.13323
										11.05882	11.34373	9.76595
										13.34049	16.24945	1.34075
										14.05636	11.32218	9.06205
										11.21923	11.80341	3.77087
										11.34852	12.59829	1.97761
										11.16656	11.83454	4.82192
										13.51766	12.20325	3.86903
										10.22803	13.38838	6.09803
										9.97903	11.23359	2.00155
										11.40598	15.61020	0.32322
										12.00692	13.66610	0.27533
										11.44668	12.71082	1.59933
										10.96544	16.22072	0.82121
										9.86172	10.08677	7.21612
>	11:00:31	51.110770	17.031517	134.50	30	50	65	0.00	7.60	49.80	9.33260	13.70680	1.19710
										-2.30083	26.00343	5.20978
										8.86812	12.36605	5.53539
										15.50724	12.60547	3.57215
										12.69645	13.01249	4.92966
										11.79144	13.81454	0.92416
										10.98460	12.24634	6.25605
										11.33654	14.67885	2.39899
										7.87214	15.37078	0.85473
										10.38365	13.66610	2.12605
										10.34774	13.84567	4.41251
										12.67730	16.07228	1.09654
										11.19289	9.19134	7.87932
										11.92552	13.66610	3.21781
										11.61906	11.65737	4.16112
										14.04678	12.56238	5.06134
										11.67652	14.84884	0.61052
										11.10670	12.32296	7.10599
										10.47463	11.50414	5.15711
										9.89763	13.29979	3.22499
										10.55604	12.76349	1.66636
										9.83299	13.22557	0.36631
										10.44830	11.76750	3.96959
										9.87129	13.51048	4.57771
										11.64061	12.71082	6.58884
										8.94234	10.28310	8.06367
>	11:00:35	51.110678	17.031463	132.20	35	58	81	0.00	7.60	49.80	12.86405	12.59111	1.08936
										9.43555	11.03966	7.19697
										11.61906	13.63258	4.49392
										12.40675	11.98537	7.49385
										13.42429	8.22887	10.58716
										10.55604	12.99573	6.07888
										9.78989	14.37239	0.46448
										12.26310	11.58315	7.24964
										11.31021	9.45949	10.75715
										9.63427	12.15536	5.48512
										10.26873	12.81616	5.80354
										10.97742	15.57189	-1.30245
										10.52970	11.32936	7.40287
										11.92791	13.78581	5.21936
										11.15459	12.31817	6.92403
										9.46907	10.01495	8.89685
										12.23676	11.50175	6.79474
										11.35091	14.57111	-2.28646
										10.78827	14.41549	-1.41737
										13.77145	12.37323	4.52265
										10.74757	12.66054	6.63673
										11.76990	15.61498	-0.92177
										11.00136	8.44914	9.44034
										12.97657	13.78821	-3.19626
										9.58160	13.08431	6.80911
										10.10353	11.78426	4.44843
>	11:00:38	51.110668	17.031331	130.40	35	58	81	0.00	7.60	49.80	9.85214	13.40753	5.70778
										10.22324	15.15051	3.70383
										12.12424	12.95503	3.84748
										12.19606	17.57823	-5.88016
										11.20008	13.06995	7.63272
										9.47386	11.06600	9.02375
										9.72525	12.14100	13.89355
										10.82658	13.47936	5.91128
										12.55041	10.45308	4.70461
										9.42118	13.27345	10.41238
										12.86883	11.10670	2.51631
										13.56315	10.21127	8.98065
										11.87045	8.04931	7.42442
										12.47140	13.23036	0.40701
										11.42513	14.62378	1.48680
										9.71567	13.46499	3.22260
										11.71722	12.73236	4.20901
										11.18332	14.21198	2.70545
										11.15698	12.35887	5.20739
										11.01812	12.24874	3.84988
										12.70603	12.95263	4.13479
										13.51287	12.18649	1.23780
										11.58794	15.29895	2.35111
										11.33654	10.37886	9.03572
										12.74912	8.27915	2.97599
										9.04529	13.25191	0.09337
>	11:00:43	51.110774	17.031089	126.70	36	60	82	0.00	7.60	49.70	12.68448	12.24874	4.45800
										10.83616	13.69962	6.85221
										11.74835	7.56089	7.80031
										12.60068	10.60392	0.45969
										13.17769	12.39478	6.64152
										12.33972	11.82975	4.41970
										10.79067	9.95030	5.21697
										13.95820	9.30147	12.44027
										10.54167	15.19600	-0.76614
										10.07480	10.03170	9.42118
										11.32697	12.04283	2.09971
										12.69406	13.90073	2.03028
										12.94545	9.69412	3.24893
										13.20163	10.27112	8.32224
										13.86482	11.27669	4.61123
										13.58231	12.65336	5.28400
										10.53449	13.38598	0.89783
										11.63343	9.04290	10.35253
										13.54400	10.34535	8.29591
										13.20402	11.44189	6.78996
										11.28866	13.18966	6.17704
										12.52407	14.87757	1.51553
										12.75631	11.55442	7.93917
										11.75792	11.76032	7.79073
										11.31260	10.40999	2.37265
										11.93988	13.51527	4.84108
>	11:00:46	51.110782	17.030986	123.70	36	60	82	0.00	7.60	49.70	12.45943	10.76912	7.83862
										11.73159	13.36204	6.79953
										11.76990	9.59596	-0.07901
										10.64941	14.08269	3.67989
										11.35091	12.00453	7.13472
										10.18254	12.17691	4.63757
										10.79067	13.50330	4.19464
										10.98699	12.31099	4.85305
										12.03086	9.28711	11.10910
										10.29986	14.42028	4.46040
										10.50576	13.48175	4.30477
										11.90637	12.51689	2.54264
										11.46344	11.88482	0.86191
										10.30464	10.98220	6.56730
										12.48337	10.79306	4.82671
										10.77630	14.09706	1.15401
										11.52329	11.78187	4.53462
										10.95108	11.71004	3.16274
										10.86489	10.56322	5.16190
										10.96066	9.56484	4.43646
										20.76252	25.66584	7.27358
										13.52963	11.75792	1.68312
										10.24479	9.69652	5.35822
										10.91995	12.44985	2.47321
										9.23444	11.14022	6.34463
										9.88566	11.06600	3.78523
>	11:00:51	51.110699	17.031019	121.60	41	67	91	0.00	7.60	49.80	11.05403	14.62378	2.99036
										10.55843	9.47386	11.98777
										10.30225	13.30937	9.34936
										9.43555	12.73476	6.76601
										8.39647	15.23909	3.27048
										11.15698	15.08108	-0.91937
										11.29584	12.19367	4.37660
										11.12586	11.70525	6.13634
										11.77229	13.95580	2.11169
										9.99819	14.76504	3.39019
										11.69567	9.68933	0.89543
										26.40804	19.57978	17.94694
										13.19923	14.38197	3.57454
										10.35013	12.27507	4.80516
										12.64139	10.78348	7.42681
										9.94551	12.74194	6.21535
										9.85932	15.43302	0.45490
										12.01650	12.43070	2.96881
										9.41879	15.43063	0.15323
										11.24317	13.28064	4.21380
										9.97903	10.60631	4.10845
										9.42597	14.62139	5.46836
										10.15381	17.44655	-1.41258
										10.33577	12.97178	1.91057
										12.53604	8.85615	9.53132
										12.16254	13.03643	5.69102
>	11:00:54	51.110725	17.030878	120.70	38	62	81	0.00	7.70	49.70	12.22001	13.02685	3.05740
										10.67814	16.79772	-2.49236
										9.34936	14.67646	2.25534
										10.27352	13.55358	-0.15802
										10.02692	14.12100	1.50116
										11.32936	14.42985	-0.23942
										11.67652	14.02284	3.46680
										10.69011	15.68202	4.47237
										10.56322	15.82807	-0.58658
										11.30303	13.79778	4.54180
										11.78905	10.07241	6.47871
										10.69250	10.92235	15.41626
										12.15057	13.51048	2.04944
										11.54723	14.51604	2.75573
										11.14980	12.91193	5.38456
										13.45063	14.19043	-4.86502
										8.73884	15.02601	0.82361
										11.97340	11.31739	6.63194
										12.50252	11.54005	3.12683
										12.02129	13.56794	3.97677
										10.52730	12.95503	3.38540
										9.23444	13.83130	2.72700
										11.77947	12.17691	6.41407
										11.49696	11.24557	3.92888
										10.47463	13.67568	2.07817
										13.00530	10.72842	5.60722
>	11:00:58	51.110767	17.030781	121.30	35	57	72	0.00	7.60	49.80	9.74919	12.68687	4.91769
										13.59907	12.76110	3.72059
										12.51210	13.01009	3.46680
										11.31021	13.06276	5.09486
										12.11466	12.30859	3.82593
										12.61505	12.54562	3.51708
										11.54723	12.73476	2.67911
										10.09635	12.56956	4.54659
										11.65258	12.37084	4.32153
										11.49217	12.44027	3.30400
										11.54963	12.65575	4.55138
										11.75074	12.85207	3.77805
										12.11705	13.25909	3.62003
										11.97580	12.17691	3.43568
										11.30542	12.31338	4.66151
										11.18332	4.85784	12.59589
										11.97819	13.75708	8.13789
										12.54801	12.76588	0.30406
										12.10269	11.91355	4.33829
										10.40759	11.27908	2.45645
										12.40436	15.29895	3.65834
										11.62385	13.67089	2.78685
										9.54568	9.77553	7.65905
										10.75236	13.95580	-1.55863
										14.87757	11.63103	4.75967
										11.14501	13.91271	1.26174
