>	11:28:00	51.127129	17.039238	117.30	21	31	33	0.01	4.90	42.90	0.72784	0.17238	10.30943
											1.81002	-0.12450	13.11544
											1.15401	0.15323	11.88961
											-1.06303	0.94332	7.04853
											0.42617	0.24421	12.76588
											-0.70390	-0.01437	9.54808
											-1.13006	-0.00479	9.47625
											0.04788	-0.21069	9.42837
											0.97205	-0.45969	10.52491
											1.28808	-1.13006	12.51689
											1.21147	-1.23062	11.79863
											1.01993	-0.88107	9.84975
											0.39744	-0.38307	9.10754
											0.56503	-0.55545	9.73004
											0.30167	-0.78530	10.60153
											-0.36871	-0.36392	9.82580
											-0.32082	0.13886	10.33816
											-0.24900	0.31603	9.27514
											0.87149	0.33519	12.61744
											0.24900	0.60334	10.25197
											1.28329	0.20590	8.79630
											0.82839	-0.30646	11.43471
											1.49398	0.00000	11.28148
											1.08218	0.08140	10.97502
											0.19632	0.35913	9.67736
											-0.24421	0.73741	10.77391
>	11:28:02	51.127056	17.039167	117.30	22	31	35	0.01	4.90	42.90	1.87705	-1.02472	11.65497
											0.43574	-0.79487	8.93516
											0.46448	-0.71826	9.10754
											0.67038	-0.51715	9.81623
											0.28252	-0.74699	11.54005
											-0.88107	-0.47884	9.07881
											0.09098	0.32082	8.85855
											-0.14365	0.14844	12.58392
											-0.38786	0.01915	11.61188
											0.22505	-0.26336	10.19451
											1.95846	-0.49799	11.00854
											0.49321	-0.13408	9.53371
											0.92416	-0.11013	10.93192
											1.05824	0.21069	9.86890
											0.11492	0.76614	9.61511
											-0.78530	1.04866	10.59195
											0.06225	1.22104	10.29986
											-0.37828	0.38307	11.42513
											-1.06303	-0.13886	8.99741
											-0.51715	-0.13886	10.04607
											0.86191	-0.11013	12.20564
											0.67516	-0.27294	10.38605
											1.07260	-0.68953	10.24239
											1.76213	-1.11570	12.74194
											0.01437	-0.94332	6.95276
											1.56102	-1.04866	11.11388
>	11:28:03	51.127019	17.039134	117.20	22	31	35	0.01	4.90	42.80	-0.63207	-1.00078	10.19930
											1.18274	-0.95768	12.84250
											0.41659	-0.69432	8.56167
											1.73340	-0.44532	12.44985
											0.29209	0.19154	11.17134
											-1.52271	0.99120	6.72771
											2.06380	0.68953	11.09952
											1.47483	0.86191	12.99094
											-0.79487	0.60334	8.08282
											1.03430	-0.06225	9.87369
											-0.52194	0.39265	11.45386
											-0.61292	-0.05746	10.41957
											0.48842	-0.67038	9.68694
											1.27372	-0.83797	10.57758
											0.51715	-1.14922	10.27591
											1.03430	-1.35991	8.71968
											1.01035	-1.06303	11.42034
											-0.10056	-0.62728	11.46344
											-0.25857	-0.16281	9.27993
											-0.10056	-0.05267	10.74518
											-0.16281	-0.26815	11.59751
											-0.24900	-0.00479	9.66779
											0.29209	0.29209	10.96066
											-0.71826	0.60334	12.25352
											-0.51236	0.84276	9.70609
											0.69911	0.38786	10.25197
>	11:28:04	51.126981	17.039102	117.10	22	31	35	0.01	4.90	42.90	0.30646	-0.00479	10.95108
											-0.57940	0.88585	10.83616
											-0.65601	0.76136	8.25521
											0.39744	0.07661	11.68849
											0.49799	-0.99599	12.56956
											0.09577	-1.43652	9.20331
											1.03908	-1.19231	10.35253
											0.25379	-0.83318	10.16578
											0.11013	-0.95289	9.95509
											0.74220	-0.71347	9.08360
											1.02472	-0.65601	10.72124
											0.31125	-0.49321	9.99340
											-0.02394	-0.12929	8.29351
											0.00000	0.22505	11.02769
											0.39744	0.42617	11.29584
											-0.03352	-0.18675	11.19050
											0.36392	-0.67995	11.27669
											0.39265	-0.83797	11.99495
											0.28730	-0.40223	10.52012
											0.46448	0.29209	9.97903
											0.38786	0.61292	10.24718
											0.90501	0.18675	10.78827
											-0.04788	0.06704	9.54808
											-0.46926	-0.10534	7.94396
											0.64165	-0.48363	11.96622
											-0.56503	-0.69911	9.58160
>	11:28:05	51.126944	17.039072	116.90	22	30	34	0.01	4.90	42.90	0.23942	0.22505	9.22725
											-0.36392	0.36871	10.16578
											-0.34955	0.53630	9.42837
											-0.21548	0.22984	10.07480
											-1.35512	0.33040	8.19296
											0.38786	0.37350	10.87925
											0.59376	0.26336	13.23994
											0.40223	0.48363	9.96467
											0.33998	0.25857	9.91678
											1.98240	-0.40701	12.95263
											1.08697	-0.31125	10.14184
											0.55067	-0.13408	9.75877
											-0.40223	0.29209	8.90643
											-0.38786	0.62728	11.42513
											-0.41659	0.79487	10.28070
											-0.67516	0.54588	10.07480
											0.13408	-0.07183	10.53928
											0.29209	-0.50278	10.74039
											0.57940	-0.76136	9.29908
											2.14999	-0.80445	11.93749
											-0.10056	-0.74699	8.67180
											0.25379	-0.87149	8.51857
											1.61848	-0.79009	11.72201
											0.84755	-0.73263	11.92791
											-0.63207	-0.26815	7.85298
											0.30646	-0.19632	10.74997
>	11:28:06	51.126905	17.039043	116.90	22	30	34	0.01	4.90	42.90	0.39744	0.10534	9.71088
											0.96726	0.01915	11.51611
											1.66158	0.19154	10.50576
											0.59376	0.33519	11.63103
											0.01437	0.77572	8.11156
											1.12527	0.69432	11.63582
											-0.50757	0.45011	11.13304
											-1.33596	-0.09098	8.63349
											-1.25456	-0.32082	8.86812
											0.34955	-0.35434	12.73236
											-0.08140	-0.66080	10.61589
											1.10612	-0.89064	8.08761
											1.87705	-1.02472	11.99974
											0.84755	-0.91459	9.97424
											0.55545	-0.66559	9.58160
											1.35512	-0.74220	10.83137
											-0.06225	-1.10612	9.17458
											-0.06225	-0.96726	11.04206
											-0.73263	-0.34955	9.46189
											-0.87628	-0.08140	10.07959
											-0.25857	-0.03352	12.51689
											-0.36871	0.18675	10.61110
											0.67516	0.11492	9.30387
											1.87227	-0.65601	11.84172
											1.35991	-0.68953	9.54329
											1.24020	0.06704	9.73961
>	11:28:07	51.126866	17.039018	116.90	22	30	34	0.01	4.90	43.00	-1.54665	-0.45969	12.58392
											-0.87628	-1.25456	10.67814
											-0.29688	-1.36469	9.98861
											1.29766	-0.87628	10.52012
											1.60412	-0.37350	11.10910
											0.96726	-0.49321	8.75799
											0.94332	-0.33519	11.10910
											0.38786	-0.17717	11.96622
											-0.35434	0.23463	8.53294
											0.36392	-0.19632	11.30542
											-0.27294	-0.66559	10.34774
											-0.20111	-0.54588	11.75074
											-0.91937	0.00479	8.00142
											0.72305	0.17238	9.86890
											0.51715	0.06225	12.28704
											0.02873	0.43096	9.07881
											0.85234	0.13408	10.46266
											1.11570	-0.23942	12.21043
											0.17717	-0.11971	10.83616
											0.60813	0.06704	9.27514
											1.15879	0.51236	12.00932
											-0.22505	0.59376	10.46745
											-0.21548	0.31125	8.66701
											-0.05267	0.13886	10.27591
											-0.61292	-0.33998	10.88883
											-0.12450	-1.06781	10.54406
>	11:28:08	51.126827	17.038994	116.90	23	33	35	0.01	4.90	42.90	-0.38786	-0.77093	10.23761
											-0.17238	-0.61292	9.39006
											0.30167	-0.82361	11.19050
											0.27773	-0.59855	10.04607
											0.13408	-0.59855	11.79863
											-0.30646	-0.04788	11.23838
											-0.63207	0.46926	10.77870
											0.23942	0.15323	9.20810
											0.55545	-0.55545	10.80743
											0.34477	-0.31603	10.53928
											1.38385	0.65122	11.24796
											0.70868	1.50356	9.05966
											1.02472	1.24020	10.25676
											0.42138	0.96247	11.22402
											0.01437	0.82839	11.19050
											-1.13485	0.37350	10.77870
											-0.30167	-0.63686	9.70131
											0.28730	-0.81403	10.58237
											0.43574	-0.76614	8.47547
											1.56102	-0.68474	9.70131
											1.24498	-0.68953	13.19205
											0.57461	-1.00078	11.34852
											0.05746	-1.07739	8.89685
											0.36392	-1.31202	9.85453
											0.27773	-1.26893	10.04128
											-0.87149	-1.09654	10.06044
>	11:28:09	51.126789	17.038976	116.90	23	32	35	0.01	4.90	42.90	0.19154	1.21625	10.50576
											1.58017	0.78530	11.31500
											1.69031	0.90980	11.44907
											0.99120	0.85234	9.49540
											0.10056	0.16759	8.94474
											0.79966	0.69911	9.73961
											0.14844	1.22104	10.69729
											-0.58897	0.60813	9.57202
											-1.40779	-0.90980	10.81221
											-1.18274	-1.42216	9.84017
											0.40701	-1.39343	10.14663
											1.22583	-0.88585	11.42034
											0.74699	-0.24421	9.01178
											1.25935	-0.05267	12.32056
											1.44610	0.28730	11.61188
											-0.23463	-0.25857	9.21289
											0.01437	-0.76136	7.66623
											0.71347	-1.14443	10.52970
											-0.24421	-0.93374	10.53928
											-0.27773	-0.38786	9.93115
											-0.79487	0.19632	9.59596
											-0.02394	0.53151	12.15297
											0.48363	0.33040	11.07079
											0.96247	-0.30646	10.53928
											1.01993	-0.71347	11.25754
											-0.25857	-0.55545	11.51132
>	11:28:10	51.126752	17.038963	116.90	23	32	35	0.01	4.90	42.90	0.07661	-0.88585	12.10030
											-0.22984	-1.76213	9.16979
											1.18274	-1.37906	8.69574
											1.21625	-0.56982	11.68849
											-0.20590	-0.48842	8.39407
											0.92895	-1.31681	13.00051
											-0.73741	-1.94409	6.88572
											1.61848	-2.56180	12.98136
											0.44532	-1.82438	9.50498
											-0.12450	-1.06781	12.01889
											-2.43730	0.14365	8.29351
											-0.73741	0.66559	14.66209
											0.21548	1.56581	11.14261
											1.28329	1.12049	11.87045
											0.26815	0.67516	10.88404
											0.88107	0.19154	8.10677
											0.82839	0.71826	8.80109
											1.44610	1.06781	11.16177
											-0.99599	0.50757	9.32781
											0.24421	-0.06704	9.39485
											0.43574	-0.72784	11.21444
											-1.20668	-1.13964	10.38605
											-0.62728	-1.27372	7.57047
											1.02472	-0.83797	12.22001
											-0.32561	-1.30723	9.33739
											-0.02394	-1.48441	8.65743
>	11:28:12	51.126674	17.038947	117.50	23	33	35	0.01	4.90	42.90	-0.37828	-1.13964	12.28226
											-1.50356	-0.26815	12.39718
											-1.92015	0.86191	9.55287
											-0.70868	1.06781	10.18972
											0.67038	0.48363	9.16022
											2.06859	-0.17238	10.90319
											1.63285	-0.02873	9.95509
											0.67516	-0.05746	12.17212
											0.87149	0.35913	9.73961
											1.42216	0.45490	8.97826
											-0.28252	0.76136	10.10832
											0.10534	0.22505	11.20008
											-0.96247	-0.28252	9.02135
											-1.13485	-0.81403	10.01255
											-0.78051	-1.49877	12.91911
											-0.43096	-1.85311	8.80109
											1.28808	-0.99120	9.54329
											1.33596	-0.12929	11.83693
											0.94810	-0.40223	9.57202
											0.42617	-1.32160	10.58716
											0.51715	-1.38385	8.99741
											0.52194	-1.32639	11.67892
											0.60334	-0.83797	11.22881
											-1.79086	0.22027	7.35020
											0.42138	0.62249	13.91510
											-0.98162	0.91459	7.90087
>	11:28:14	51.126599	17.038961	117.50	23	33	36	0.01	4.90	42.90	1.77171	0.63207	10.19451
											1.44131	1.34075	12.40197
											0.67995	1.42216	13.37880
											-1.10612	1.35033	6.83305
											-2.03028	0.62249	7.26880
											-0.08619	-0.81882	12.88559
											-0.37828	-1.53708	11.53526
											-0.98641	-1.20668	8.15465
											0.43574	-0.45011	10.41957
											0.67038	-0.11492	10.90798
											1.81480	-0.24900	9.26556
											1.86269	-0.13886	11.47780
											0.73263	-0.23463	13.46978
											-0.38307	-0.58419	9.99819
											0.45969	-0.76136	11.92791
											-2.22182	-0.14365	3.24175
											-1.15879	-0.21548	9.51935
											0.39265	0.16759	10.80743
											1.05824	0.33998	12.83771
											0.10534	0.43096	9.17937
											1.48919	-0.45011	12.41154
											1.89142	-0.69432	12.76110
											1.69509	0.17238	10.17057
											-0.79487	1.13964	10.02692
											-0.85234	1.19710	6.94318
											0.66559	1.11570	15.62456
>	11:28:15	51.126564	17.038977	118.20	23	33	36	0.01	4.90	42.90	1.78129	-0.92416	10.58716
											1.10612	0.70390	10.70208
											0.89543	1.09176	10.99896
											0.51715	0.33519	8.56645
											1.06303	-1.30723	9.31823
											0.39744	-1.31202	11.90397
											-1.63285	0.61292	8.57124
											-1.87227	1.79565	11.66455
											-1.09654	2.28886	12.10987
											-0.80445	2.39420	10.40041
											1.24020	1.37906	8.19296
											3.43807	-0.25857	12.91911
											0.92895	-0.34955	9.80186
											0.76136	0.18196	8.21690
											-0.35913	0.47405	10.90798
											0.44053	0.35434	11.44428
											-0.59376	1.29766	7.59920
											-0.22984	1.82438	12.12903
											-0.85234	1.51792	10.18015
											-0.88585	0.98162	10.05086
											0.79487	-0.56982	15.48570
											-1.39821	-1.15879	5.13796
											1.39821	-1.90578	14.09227
											0.90022	-1.12049	6.40688
											0.97683	-1.75256	12.08114
											1.33118	-2.04944	9.96467
>	11:28:15	51.126564	17.038977	118.10	22	33	35	0.01	4.90	43.00	0.31125	-0.70868	13.07234
											-1.18752	0.36871	8.59518
											-0.06225	0.24900	12.37802
											-0.31125	0.21548	9.98861
											0.93853	0.24900	9.55287
											1.26414	0.21069	9.77313
											1.28808	0.09098	11.14740
											0.19632	-0.05746	9.91199
											1.28329	0.36392	8.96868
											1.26414	0.91459	10.70208
											0.24421	1.01993	9.20331
											0.10534	0.91459	10.82179
											-1.49877	-0.01915	10.06522
											-1.10612	-1.48919	10.30943
											-0.58419	-1.66158	10.86489
											0.23463	-1.07260	8.49463
											1.66636	-0.92416	10.59195
											1.16358	-0.80924	11.50653
											-0.00958	-0.74220	7.87692
											0.60813	-1.32639	12.43070
											0.72784	-1.50835	12.41633
											-0.94810	-1.29287	6.61757
											0.81403	-0.17238	12.68448
											-0.46448	1.04866	12.75152
											-1.05345	2.02071	10.97502
											0.04788	2.25055	12.00453
>	11:28:17	51.126506	17.039043	118.00	22	31	35	0.01	4.90	43.00	0.88585	0.37828	9.89763
											0.83318	0.35913	10.60631
											1.33118	0.60813	9.44752
											0.54588	1.31202	11.87524
											-0.83318	1.00078	10.00776
											-1.35033	0.45011	7.65187
											-1.27850	0.02873	9.82102
											2.42293	-0.62728	7.45076
											3.53863	-0.77093	9.81623
											0.62728	-1.29766	18.89983
											-0.14844	-1.40300	8.48026
											1.93930	-0.56982	12.69406
											0.59855	0.05267	10.33816
											-0.82839	-0.66080	8.24563
											1.32639	-0.79966	11.67892
											-1.99676	0.32561	8.74362
											-3.99353	1.04387	11.47301
											0.52672	1.15879	12.63181
											0.04310	0.84755	10.59195
											2.72939	0.57461	9.93115
											2.91135	0.75178	11.87045
											1.05345	0.89543	10.37168
											-0.03352	0.67995	10.02692
											-1.18274	0.85712	12.75152
											-1.62806	0.96247	7.93438
											0.24421	0.93853	9.85932
>	11:28:19	51.126469	17.039133	118.00	21	31	38	0.01	4.90	43.00	0.91459	0.28252	9.08839
											1.47483	0.61770	12.69406
											0.79487	0.15323	9.54808
											-0.57461	-0.58419	9.88805
											1.69988	-0.54588	9.51935
											-0.55067	-0.65601	10.74518
											-0.00479	-0.67995	9.36133
											-0.66559	-0.51236	11.42992
											-1.82917	-0.34955	5.81312
											1.92015	-0.40701	14.97334
											1.07260	-0.41659	10.44351
											1.10612	-0.24421	10.49139
											0.73263	0.07183	12.09551
											0.12450	0.30646	10.65899
											-0.22027	0.53151	10.08917
											0.84755	1.05345	11.79863
											-1.50356	1.10612	9.93594
											-0.40223	0.20111	10.44830
											-1.00556	-0.47405	10.46266
											0.04310	-0.83318	10.59674
											-0.11013	-1.07739	9.84017
											0.93853	-0.71347	8.64307
											1.55144	0.19632	11.54484
											1.21147	0.34955	10.09874
											0.56024	-0.11013	8.12592
											0.92416	-0.57940	11.64540
>	11:28:20	51.126459	17.039190	118.00	19	30	35	0.01	4.90	43.00	-1.18274	0.02394	9.59117
											1.09176	0.45490	11.00375
											1.29766	0.18196	11.10910
											0.90501	-0.13408	10.26155
											0.53151	0.49799	9.31344
											1.10133	1.29287	11.60709
											1.12527	1.53708	10.79306
											0.00958	1.64242	8.78193
											-0.32561	1.03430	10.80264
											-0.91937	0.22984	9.31344
											0.34955	-0.10534	10.63026
											0.89543	-0.83797	10.57758
											0.71826	-1.58496	9.49540
											1.28808	-1.40779	10.62547
											0.94810	-0.98641	11.43471
											-0.01915	-0.73263	9.62948
											-0.13408	0.17717	9.64384
											-0.51236	1.17316	10.80264
											-0.61770	0.89543	10.62068
											-1.22583	0.10056	8.75320
											-0.04788	-0.59376	12.07156
											-0.62728	-0.90501	11.16656
											0.34477	-0.20111	9.67736
											1.29766	0.36871	11.95664
											0.75657	0.48842	10.28549
											1.24498	0.59855	9.75877
>	11:28:21	51.126453	17.039250	118.10	18	30	35	0.01	4.90	43.00	-0.23463	0.15323	10.90798
											-0.20111	-0.31125	11.76032
											-0.33519	-0.43574	9.67257
											0.87628	-0.45969	10.76433
											0.27773	-0.81882	10.41478
											1.01035	-0.72784	9.25598
											1.20189	-0.82361	12.16733
											0.29688	-0.90501	10.59195
											-0.16281	-0.87628	9.57202
											-0.41659	-0.40701	12.09072
											-1.29766	-0.60813	11.32936
											-0.87149	-0.63207	8.96868
											-0.01915	-0.70390	10.18015
											1.54665	-0.33998	11.44428
											0.81403	0.63686	9.98861
											1.50356	1.07260	9.80665
											0.68474	1.01993	10.60153
											0.94332	1.04866	9.92636
											0.31603	0.94332	11.56878
											-0.92895	0.33040	10.41478
											-1.45567	-0.22027	8.77714
											0.45490	-0.06225	12.88081
											0.33519	-0.38307	9.75877
											0.61292	-0.71347	7.46033
											2.78206	-0.66080	12.72758
											0.86670	-0.59855	10.23282
>	11:28:22	51.126449	17.039313	118.20	17	29	33	0.01	4.90	42.90	-0.60813	-1.02472	9.68215
											-0.60813	0.07183	11.28627
											-1.04866	-0.06225	9.27993
											0.65601	-0.11013	11.24796
											1.08218	-0.49321	10.85531
											1.54187	-0.08619	9.59596
											1.49877	0.51236	9.13627
											1.56581	0.64643	11.66934
											0.00479	0.66080	10.27112
											-0.84276	0.30646	9.48583
											-0.84276	-0.21069	11.51132
											-1.03430	-0.57940	10.18493
											-0.11492	-0.54109	10.95587
											0.65122	-0.86191	10.29507
											1.44610	-0.85234	9.89284
											2.09253	-0.63207	11.14740
											1.35512	-0.80445	11.31500
											-0.79966	-0.80445	6.43083
											0.22505	-0.51715	11.20965
											0.19154	-0.33519	11.71243
											-1.32639	-0.22027	9.83059
											-0.91937	0.09577	9.73482
											0.87149	-0.33519	11.96143
											1.86748	-0.56503	9.15543
											1.30245	-0.28252	10.75475
											1.38864	-0.10056	9.58638
>	11:28:23	51.126448	17.039378	118.20	17	29	33	0.01	4.90	42.90	-0.84276	-0.11492	10.32380
											0.01915	0.42617	10.49139
											0.44532	0.95768	11.74117
											-5.82749	-9.12191	-5.82749
											2.04465	0.08619	12.67969
											1.01035	-0.47884	10.50097
											0.52672	-0.17717	8.77714
											0.69911	-0.28252	12.13860
											-0.78051	-1.07260	9.24641
											0.26336	-0.49321	10.66856
											-0.86670	-0.49321	10.37647
											-0.79487	-1.13485	8.89685
											0.79966	-1.42216	10.22803
											1.58496	-1.42216	11.25754
											0.67516	-0.37828	10.47703
											1.18274	-0.08140	10.01255
											1.58975	-0.49799	12.67490
											0.37828	-0.21069	8.07804
											-0.28252	0.16759	10.89362
											-0.40701	0.23463	11.65497
											-1.21147	0.34955	8.82982
											0.42617	0.29209	11.77947
											0.62728	-0.13886	10.22803
											0.72784	-0.31603	9.39964
											1.95846	-0.46926	10.27112
											0.96247	-0.30646	10.93192
>	11:28:24	51.126445	17.039450	118.10	15	26	30	0.01	4.90	42.90	-0.05267	0.03831	11.35330
											-0.49321	-0.38307	11.78905
											-0.56982	-0.56982	9.71088
											0.60334	-0.43574	11.33415
											0.98641	0.07661	10.50576
											0.47405	0.81882	9.20331
											0.83797	0.68953	10.03649
											0.34477	0.51236	11.28627
											0.18675	0.58419	9.21768
											0.85712	1.16837	11.79863
											0.22505	0.90022	11.40119
											-0.12450	-0.15802	8.43717
											0.58897	0.20590	12.84250
											-0.86191	0.32082	9.94551
											0.08619	0.16281	9.59117
											0.13886	-0.54588	11.15219
											0.31603	-1.08697	9.45710
											1.18274	-0.94810	11.14740
											0.71826	-0.67516	9.72525
											1.04866	-0.59376	10.52491
											0.70390	-1.04866	9.58638
											0.94810	-1.00556	11.69807
											-0.51236	-0.50757	8.59040
											-0.32561	-0.17238	11.38682
											0.00479	0.29209	11.97101
											-0.63207	0.38786	10.10353
>	11:28:25	51.126447	17.039512	117.70	13	25	28	0.01	4.90	42.90	0.48363	0.13886	10.35253
											0.35434	0.24421	11.23838
											-0.04788	0.63686	8.61913
											1.38864	0.15802	12.33972
											-0.32561	-0.14844	9.05966
											0.07661	-0.56503	9.73482
											0.05746	-0.68953	11.32936
											-0.38786	-0.52194	9.73004
											0.37350	-0.49321	11.53526
											-0.25379	-0.20111	10.40999
											0.20590	-0.09577	9.00699
											0.79487	-0.13408	9.53371
											0.92895	-0.47405	11.50653
											0.98641	-0.70868	9.01656
											0.78051	-0.77572	10.52970
											0.03352	-0.78051	12.14818
											-1.14443	-0.74220	9.07881
											-0.09098	-0.48842	11.63103
											-0.42617	-0.37350	11.45386
											0.76136	0.09577	10.00776
											0.86191	0.38786	10.77870
											0.32561	0.17238	10.91277
											0.74220	0.15323	7.92481
											1.56581	0.24900	12.92390
											0.35913	0.67516	9.51456
											0.95768	0.86191	10.34295
>	11:28:26	51.126447	17.039585	117.60	11	22	26	0.01	4.90	42.90	-0.15323	-0.63686	10.84573
											0.67516	-0.56503	10.41957
											0.75657	-0.18196	10.71645
											0.71347	-0.11971	9.80665
											0.25857	-0.10534	7.63272
											1.62806	-0.45011	13.89116
											-0.60334	-0.40701	7.39329
											0.85234	-0.78051	9.82580
											0.54588	-0.48842	11.69328
											-0.66080	0.04310	9.08839
											0.24900	0.36392	11.50653
											-0.39744	0.65122	11.39640
											1.08218	0.41180	9.29908
											0.91459	0.22027	10.95587
											0.64643	-0.07183	10.48660
											0.73741	-0.11013	9.19373
											1.07739	-0.04788	11.76990
											-0.47884	0.58419	10.18015
											-0.29688	0.04310	9.25119
											-0.11013	-0.72784	12.77067
											-1.23541	-0.60334	9.19373
											-0.78051	-0.33998	7.92481
											1.01514	-0.03352	14.13537
											0.40223	-0.17717	8.80109
											1.24498	-0.05746	11.42992
											0.42617	0.18675	9.87848
>	11:28:27	51.126447	17.039656	117.40	11	22	27	0.01	4.90	42.90	1.50356	-1.56581	13.21120
											-0.57940	-1.29766	10.29986
											-0.56503	-0.26815	10.24239
											-0.28730	1.13485	11.79384
											-0.00958	0.80445	11.34852
											1.23062	0.04310	9.52413
											0.65601	-0.22505	11.54005
											0.82839	-0.14844	8.93516
											0.75657	-0.56503	8.91601
											1.28808	-0.51715	12.90475
											-0.73263	-0.37350	8.44196
											-0.41659	-0.05267	10.20888
											-0.72305	-0.04788	11.05163
											0.13886	-0.42138	9.24162
											1.41258	-0.36871	12.22479
											0.06225	-0.48842	8.85855
											1.14922	-0.18675	11.56878
											0.12450	0.15323	9.80186
											0.16281	0.11013	8.94474
											0.58897	-0.40701	9.96467
											0.39265	-0.96726	11.45865
											0.37350	-0.40701	8.91601
											0.19632	0.11013	11.94228
											-1.22104	0.33998	9.84017
											-0.48842	0.21069	10.87446
											0.55545	-0.22505	11.76990
>	11:28:28	51.126449	17.039732	117.30	10	23	27	0.01	4.90	42.90	0.96247	0.56024	8.30788
											1.26893	0.82361	12.01410
											-0.67995	-0.41180	8.48505
											0.34477	-1.06303	10.81700
											-0.98162	-0.78530	10.82179
											-0.14365	-0.19632	10.04607
											1.32160	-0.20111	11.69807
											1.25456	0.01915	9.92636
											0.66080	0.27294	10.37647
											0.51715	0.21069	10.08438
											-0.07661	-0.29688	8.26957
											0.70390	-0.87628	10.39562
											-0.30646	-1.11091	11.70765
											-0.91459	-1.59933	10.28549
											0.06704	-1.45089	11.18571
											0.88585	-0.33519	9.73961
											1.72383	0.43096	12.43548
											0.34955	0.66559	9.76834
											0.47884	0.38786	10.46745
											0.39265	0.02873	9.94551
											0.10056	-0.17238	8.83939
											0.42138	-0.11013	9.62948
											0.89543	-0.04310	12.44506
											-0.81403	0.00479	9.19852
											-0.21069	0.20590	10.52491
											-0.08140	0.72305	11.02290
>	11:28:29	51.126458	17.039800	117.10	10	23	27	0.01	4.90	42.90	1.35991	-0.25379	12.33972
											0.27773	-0.74699	9.29429
											1.34554	-0.26815	11.05642
											1.03430	-0.22505	11.04685
											-0.49799	-0.89064	8.46111
											0.75657	-0.86670	9.85453
											0.51236	-0.64643	11.56878
											-0.39744	-0.37350	9.50019
											0.10534	-0.90980	10.94150
											-0.69911	-1.07739	9.70131
											0.59376	-0.71347	10.23761
											1.77650	-0.33519	12.89996
											0.67038	0.10534	8.66222
											1.59454	-0.21548	12.00453
											-0.03352	-0.06704	9.29908
											0.18675	0.09577	8.98783
											0.20590	-0.40223	11.43471
											-1.39343	-0.56982	9.83059
											-0.32082	-0.17238	9.61033
											-0.08140	0.73263	11.73638
											0.90501	0.91937	9.64384
											1.78129	0.01437	12.49294
											0.23463	-0.45969	8.78672
											1.20189	-0.21069	10.13705
											0.58419	-0.40701	11.27190
											-0.42617	-0.53630	8.62870
>	11:28:30	51.126462	17.039878	117.20	11	22	25	0.01	4.90	42.90	0.11013	-0.80924	11.88482
											0.49799	-0.71347	9.57202
											1.72861	-0.14365	12.52168
											1.26893	0.07661	10.20888
											0.97205	-0.25379	10.61110
											0.50757	-0.19154	10.53449
											-0.55067	0.25379	9.09318
											0.04788	-0.06225	9.51456
											0.18675	-0.72305	11.94228
											-0.97683	-0.46448	8.67659
											0.00958	0.24900	10.85052
											0.04310	0.77572	10.46266
											1.70467	0.45969	10.33337
											2.02071	0.07183	13.21120
											-0.16281	0.52672	7.04374
											1.27850	-0.17717	11.17134
											-0.18196	-1.03908	10.68772
											-0.39744	-0.97205	8.23605
											0.19154	-0.70390	11.39161
											-0.36392	-0.35913	10.12268
											0.21069	-0.62728	10.41478
											-0.33998	-0.79009	10.56322
											1.39821	-0.88585	10.54885
											2.03028	-0.76614	13.00530
											0.39265	-0.38307	9.24641
											0.96726	0.13408	10.07480
>	11:28:31	51.126466	17.039953	116.90	11	22	25	0.01	4.90	42.80	-1.01035	-0.10056	6.30633
											0.44532	-0.78530	13.23036
											-1.05824	-0.45011	9.43794
											-0.52672	-0.19632	8.77236
											1.07260	-0.22027	12.58392
											-0.16281	-0.70868	10.94629
											-0.41659	-0.49321	8.10677
											1.62806	-0.30167	10.71645
											1.85311	-0.33040	11.20486
											0.98162	-0.32082	12.36366
											-0.56503	0.56024	9.43794
											0.58419	1.26893	10.81221
											-0.05267	0.70868	11.20965
											-1.29766	-0.16281	8.51857
											0.01915	-0.12450	10.37647
											-0.50278	0.04788	10.86489
											0.00958	-0.04310	9.17458
											1.80523	-0.28730	12.47858
											1.64721	-0.69432	9.95509
											1.76213	-0.86191	10.99417
											0.45969	-1.06303	11.55921
											-0.60334	-0.86670	9.30866
											-0.97683	-0.37828	11.26711
											-1.25935	0.26815	8.71968
											0.35434	0.67995	10.04128
											0.40701	0.56982	12.31577
>	11:28:33	51.126493	17.040114	116.80	11	22	25	0.01	4.90	42.90	-0.81882	1.06303	10.41478
											-0.59855	0.24421	9.21768
											0.72784	-0.71347	10.87925
											0.59855	-0.60813	10.27591
											1.41737	-0.61770	8.75799
											2.33195	-0.96247	15.63414
											-0.19632	-0.35434	7.35499
											0.17238	-0.96247	11.83693
											-0.19154	-1.11570	10.14663
											-0.22027	-1.18752	10.00776
											-0.05267	-0.70390	9.96946
											0.12450	0.10056	10.27112
											-0.41180	0.26336	10.26155
											0.45969	0.08619	11.26711
											0.45490	0.39744	10.03170
											1.77171	0.37350	11.95185
											1.22583	0.22505	9.70131
											0.91459	0.24900	9.08360
											0.85712	0.22984	12.08114
											-1.01993	0.05746	8.37971
											-0.39744	-0.22505	10.90319
											-0.43096	0.25857	10.36689
											0.12929	0.36871	9.46189
											1.04387	-0.08619	11.86088
											0.83797	-0.12929	7.94396
											2.33674	-0.38307	11.60230
>	11:28:35	51.126517	17.040276	116.80	11	22	25	0.01	4.80	42.80	0.10056	-0.74699	9.55287
											-0.02394	-1.08697	11.92312
											-1.14922	-0.81882	9.15064
											0.63207	-0.88107	9.95509
											0.71826	-0.37828	10.97981
											1.16358	0.16281	9.76834
											1.64721	-0.32082	12.62223
											0.23942	-0.31125	8.26000
											1.18274	-0.54109	10.32380
											0.41659	-0.28730	11.00375
											-0.25857	-0.20590	9.37091
											-0.24900	0.19632	11.87524
											-1.42694	0.73263	9.05966
											0.79487	0.28730	9.77792
											1.39821	-0.05746	12.57914
											0.36392	-0.07183	8.28394
											2.31759	-0.19154	10.19930
											0.71347	-0.07661	12.14818
											-0.26815	-0.12929	9.16500
											-0.15802	-0.67038	12.18649
											-0.44053	0.43096	8.80109
											0.39744	-0.00479	12.31577
											-1.25935	0.27773	9.03572
											0.57461	-0.13886	9.23683
											1.36469	-0.06704	14.15452
											-0.00479	0.28252	9.65342
>	11:28:36	51.126530	17.040352	117.30	11	22	25	0.01	4.80	42.90	0.80924	0.36871	9.76355
											1.84832	0.00958	10.07959
											0.73741	-0.33998	12.08114
											0.31603	-0.47405	9.20810
											1.29287	-1.39821	13.20642
											0.26815	-1.23062	9.30866
											-0.00479	-1.04866	8.49463
											0.08140	-0.71347	12.12424
											0.00000	-0.37350	9.66779
											-0.04788	-0.28252	11.08515
											0.45969	0.46926	10.51055
											0.86191	0.66080	8.83460
											1.70467	0.75657	12.22958
											0.61770	0.71347	9.53850
											0.56503	0.11971	8.88728
											-0.37350	-0.22984	11.20486
											0.17717	-0.23463	8.46111
											0.51715	-0.67516	12.97178
											-0.96247	-0.08140	9.94551
											0.29688	-0.22027	11.51132
											0.62728	0.17238	10.81700
											1.22583	0.14365	9.03093
											0.63686	-0.26336	10.83137
											0.68474	-0.09577	9.29429
											0.76614	-0.37828	11.12346
											-0.15802	0.05267	9.03093
>	11:28:36	51.126530	17.040352	117.40	11	22	25	0.01	4.90	42.90	-0.57461	-0.74699	11.79863
											0.89543	-0.19154	10.56322
											-0.21069	-0.21548	9.80665
											1.23541	-0.26815	11.28627
											0.45011	0.17238	10.86010
											0.67516	0.11971	9.82102
											1.80523	-0.15323	12.03805
											-0.71347	0.46448	8.04452
											0.78051	-0.31603	13.13938
											-1.92973	-0.12929	5.37259
											1.79565	-0.39265	12.78025
											0.32082	-0.02873	9.50498
											1.19231	-0.34477	9.82580
											1.06781	-0.24900	9.43316
											1.06781	-0.09098	10.39562
											1.52271	-0.38307	8.67180
											0.46926	-0.89543	11.71243
											-0.50757	-0.44532	7.69018
											0.44053	-0.50757	11.14740
											0.55545	-0.73741	12.46421
											-0.37828	-0.32561	9.50977
											0.39744	-0.35913	11.24796
											0.51715	-0.11492	10.40041
											1.32160	0.01915	11.49696
											-0.40223	0.41180	7.92481
											2.77249	0.26336	11.25754
>	11:28:38	51.126557	17.040514	117.40	11	22	25	0.01	4.80	42.90	0.89064	0.21069	11.42513
											1.14922	0.45011	7.25922
											0.81882	-0.00479	11.96143
											0.63207	-0.33519	11.77947
											-0.01437	-0.23463	8.39407
											-0.10056	-0.24900	10.86489
											0.53151	0.26336	11.23838
											-1.39821	0.09577	8.28394
											1.74298	-0.63207	14.17367
											0.11492	0.06704	8.41323
											0.27294	-0.18675	11.42992
											0.29209	-0.14365	11.36288
											0.31125	-0.43096	8.31267
											1.81002	-0.37350	12.48337
											-0.56503	0.88585	9.29429
											0.16759	0.43574	9.35654
											0.00479	-0.33040	11.24317
											-0.46926	-0.58419	10.78348
											0.12450	-0.45969	11.60230
											0.55545	-0.35913	10.48660
											1.86269	-0.82361	10.98939
											0.59855	-0.57940	9.62469
											0.42617	-0.19154	8.13550
											2.06859	-0.62249	12.28226
											-0.11013	-0.73741	9.97903
											-0.04310	-0.44532	9.25119
>	11:28:40	51.126582	17.040675	118.30	11	21	23	0.01	4.90	42.90	0.79009	-0.19154	12.00453
											0.89064	-0.04310	10.11790
											0.79487	-0.16759	11.04685
											-0.19632	0.00000	9.65342
											0.73263	0.32561	7.82425
											1.63763	0.19154	13.39316
											-1.09654	0.68474	8.48984
											0.38307	0.08619	10.64462
											-0.42617	0.03352	10.51055
											0.10534	-0.28252	10.57279
											0.59376	-0.57940	12.52168
											0.18675	-0.16281	9.12191
											1.43173	-0.46926	11.48738
											0.61292	-0.12929	10.15141
											-0.12450	0.01915	8.36534
											0.98641	-0.66559	11.96622
											-0.26336	-0.68474	10.06522
											-0.49321	-0.36392	9.51456
											0.18196	-0.23463	11.92791
											-0.16281	-0.11971	9.29429
											1.02472	-0.48842	12.05720
											0.51236	-0.30646	10.85531
											0.91937	-0.38307	10.14184
											0.61770	-0.33040	11.39161
											-0.29209	0.29209	8.40844
											0.54588	0.53151	9.78271
>	11:28:41	51.126598	17.040751	118.30	11	21	23	0.01	4.80	42.90	0.91937	-0.85712	9.61511
											0.42617	-0.54588	11.31021
											-0.75178	-0.58419	9.50977
											0.54588	-1.06303	8.59040
											1.13006	-1.36948	12.40675
											-0.72784	-0.35434	9.06924
											0.45969	-0.75178	11.24317
											-0.81882	-0.38786	10.55364
											0.42138	-0.19154	10.03649
											1.49398	0.55545	11.27190
											1.07260	1.36948	9.65342
											0.84276	1.03908	11.46823
											0.65601	0.71347	10.54406
											0.10056	0.41659	8.17859
											0.20590	0.11013	12.42112
											-1.14443	0.39265	10.05086
											-0.70868	0.05746	8.53294
											1.12527	-0.36392	13.35486
											0.43574	-0.22505	8.59997
											2.04465	-0.41659	12.28704
											0.14844	-0.08619	11.31500
											-0.17717	0.25857	7.54652
											1.24498	-0.44053	11.30063
											0.13886	-0.75178	10.13226
											0.28252	-0.82361	9.02614
											-0.47884	-0.58897	11.18092
>	11:28:43	51.126626	17.040907	118.80	13	23	25	0.01	4.90	42.90	2.19788	-0.44532	12.24874
											1.24977	-0.19632	11.74117
											0.77572	-0.17238	9.20810
											0.18675	0.18675	11.53048
											0.37828	0.75657	10.13226
											-0.07661	0.29209	8.26957
											0.45969	-0.62728	12.44506
											-0.31125	-1.27372	9.86411
											-0.77093	-1.47962	8.92080
											0.04788	-1.13006	12.06678
											0.47405	-0.63686	9.05008
											1.39821	-0.62249	11.93749
											0.57461	-0.48842	10.42914
											0.87149	-0.05746	10.01255
											0.19632	-0.46926	10.97502
											-0.08619	-0.32561	8.35576
											0.21548	-0.23942	10.83616
											-0.49321	0.24900	9.68694
											0.44532	0.56024	10.73081
											0.73263	0.38307	11.71722
											0.51236	0.71826	10.40999
											-0.66559	0.65601	8.27436
											0.12929	-0.01915	10.55843
											0.12929	-0.57461	11.45386
											-0.78530	-0.78051	8.93037
											1.07260	-0.63686	11.25275
>	11:28:44	51.126641	17.040981	118.70	13	23	25	0.01	4.80	42.90	1.34075	0.42617	12.25352
											-0.20111	0.54588	8.82024
											0.67516	-1.03430	10.97023
											0.22984	-2.11169	10.33816
											0.11013	-1.04866	8.80109
											0.45490	0.00000	10.56322
											0.00479	0.23463	10.53928
											0.04788	0.09098	9.83059
											1.05824	-0.52672	11.84172
											0.38307	-0.67038	9.06445
											1.15879	-1.18752	11.68370
											0.46448	-1.07260	11.50653
											0.55545	-0.30167	8.06367
											0.41180	-0.65122	12.31099
											-0.76136	0.01437	9.44752
											-0.79009	-0.15802	10.12747
											-0.10056	-0.02873	11.44907
											-0.28730	0.42138	10.56801
											0.33040	0.32082	9.83538
											0.90022	-0.04788	10.48660
											1.51792	-0.03831	8.94474
											1.70946	-1.01035	12.80419
											-0.33998	-0.85712	8.96389
											-0.19632	-0.78051	10.69250
											0.04788	-0.74699	11.58794
											-1.14443	-0.32561	8.35576
>	11:28:46	51.126670	17.041133	118.90	14	22	25	0.01	4.80	43.00	2.11647	-0.62728	12.47858
											0.90980	0.35913	8.40844
											2.02549	0.60334	12.72279
											-0.11492	1.34554	9.36612
											1.88184	1.24977	9.84975
											-1.21147	0.81403	10.43393
											-0.61770	0.21548	9.48104
											-0.95289	-0.99120	9.54808
											1.11570	-1.13485	12.18170
											0.57461	-0.69432	8.83460
											1.24977	-0.21069	10.73081
											1.10612	-0.06704	10.91277
											0.42138	0.39265	7.81946
											2.42293	-0.75178	15.64850
											-2.00155	-0.72305	6.13394
											0.48363	-1.11570	11.35809
											-0.47405	-0.34477	10.33337
											0.29688	-0.49799	10.78348
											-0.88585	0.00958	9.13627
											0.55545	0.02394	12.47379
											1.08218	0.28730	7.73806
											2.23618	-0.44053	12.27268
											0.28252	0.32561	9.79228
											1.31202	0.65601	10.10353
											0.41659	0.58897	11.44428
											-1.57538	0.92416	8.37492
>	11:28:47	51.126685	17.041204	118.60	14	22	25	0.01	4.80	43.00	1.03908	-0.10056	10.80743
											0.38786	-0.75657	11.72680
											1.46046	-1.33596	9.32781
											-0.07661	-1.65679	11.26232
											-0.25857	-0.76136	8.41323
											0.15323	-0.76136	11.35809
											-0.44053	-0.46926	10.30464
											-0.69432	-0.03352	8.78672
											0.34955	0.01915	9.55765
											1.88663	-0.47884	13.24951
											0.50278	-0.24421	10.31422
											0.84276	-0.22027	10.04607
											0.11492	0.14365	8.83939
											1.07260	0.26336	12.32056
											0.22027	0.65601	11.93270
											-1.03430	0.61292	7.29274
											0.00000	-1.25456	11.79384
											-0.23463	-0.89543	11.61188
											-0.24900	-0.32561	9.26556
											0.68953	0.43574	11.10431
											0.46926	0.38786	8.88249
											0.79487	-0.34955	9.68694
											1.99676	-0.76136	13.51287
											0.34955	-0.33998	9.17937
											0.23463	-0.55545	10.38605
											-0.39744	-0.79966	11.34373
>	11:28:49	51.126716	17.041347	118.70	15	22	25	0.01	4.90	43.00	2.04944	0.50757	9.71088
											0.95289	0.36392	12.02847
											0.72784	0.42138	9.55765
											1.13006	0.57461	10.72602
											0.71826	0.86191	12.71800
											-0.92895	0.73741	5.68862
											1.16837	0.46926	10.46266
											0.61292	0.33998	15.11220
											-2.04465	0.44532	8.45632
											-0.39265	-0.34955	11.20008
											-0.36392	0.00958	7.77158
											2.47560	-0.76136	10.97023
											-0.26815	-1.43652	10.40999
											1.25935	-1.09654	10.74997
											1.69988	-1.57060	10.69250
											-0.05267	-1.95367	10.31422
											-0.44053	-2.46124	9.06924
											-0.22027	-2.19309	11.88482
											0.01915	-0.48363	10.38605
											-0.38786	0.78530	10.07959
											0.34477	1.04387	11.05163
											0.58419	0.78051	9.80186
											1.14922	0.14365	10.22324
											0.45969	-0.08140	11.38204
											0.68953	0.09577	9.03093
											2.45166	0.39744	13.96777
>	11:28:50	51.126731	17.041420	118.80	15	22	25	0.01	4.80	43.00	-0.02394	-0.56503	8.96389
											0.88107	-0.17717	9.35654
											0.93374	0.07661	12.21522
											0.73263	0.06704	8.67180
											1.24020	-0.19632	11.09952
											-0.11492	-0.79966	10.08438
											-0.33519	-0.57461	8.90643
											0.11971	-0.74699	12.58871
											-1.25935	-0.32561	10.29507
											-5.82749	-9.12191	-5.82749
											-0.19632	1.64242	10.62547
											0.79966	1.15879	8.63349
											1.45089	0.36871	9.87848
											1.17795	0.08619	12.32056
											0.97205	0.34955	7.63750
											1.67115	0.24421	12.42112
											-0.86670	0.52672	9.63427
											-1.06303	-0.11492	9.48104
											-0.74220	-1.13964	11.54005
											-0.48363	-1.49398	9.15543
											-0.01915	-1.17316	11.69807
											0.25857	-0.96726	10.53449
											0.90501	-0.60334	8.41323
											1.18752	-0.31603	11.80341
											1.01035	-0.70868	7.92960
											0.71826	-1.18274	11.35330
>	11:28:52	51.126758	17.041568	119.10	17	23	25	0.01	4.80	43.00	-0.22984	-0.45490	12.14818
											-0.67516	0.39744	9.65342
											-0.31603	0.58419	11.94228
											0.28730	0.13886	8.75799
											0.62728	0.38786	9.29908
											1.74298	0.79966	12.54562
											0.92895	1.30245	7.80510
											1.69988	1.02472	11.51132
											-0.21069	1.02951	11.45386
											-1.57060	0.64643	8.09719
											-0.33040	-0.12450	11.82257
											-0.49321	-0.79966	12.26789
											-0.11013	-0.55545	7.20176
											1.04866	-0.52672	10.86010
											1.38864	-1.13485	11.58315
											0.96726	-1.70946	8.45153
											1.22583	-1.85311	11.88003
											0.12450	-1.50356	9.74440
											0.18675	-1.29287	8.88728
											-0.53151	-1.41737	10.98939
											-0.53630	-0.11492	10.15620
											0.04310	0.44532	13.06276
											-1.33118	1.07260	9.48583
											0.41180	0.83318	10.30943
											1.71904	0.33040	11.29584
											-0.03831	0.73741	8.93037
>	11:28:53	51.126773	17.041641	119.10	17	23	25	0.01	4.80	43.10	0.69432	-1.00078	13.89595
											-0.54588	-0.51715	10.31422
											1.64242	-0.37828	10.71645
											0.15802	-0.58419	9.78750
											0.15323	-0.04788	7.65187
											2.12605	-0.17717	11.27190
											0.28730	-0.60334	11.36767
											0.12929	-0.85712	8.62391
											0.01915	-0.65601	11.32936
											-0.45490	-0.01437	10.48182
											-0.54109	-0.18196	9.93115
											1.33596	-0.42138	13.33570
											-1.24020	0.28730	8.29351
											1.00556	0.22984	6.50744
											1.65679	-0.23942	15.93102
											0.14844	0.03831	7.36456
											1.91057	0.56024	11.52569
											0.53630	1.04387	10.49139
											0.03831	0.69432	10.38605
											-1.01993	0.11971	11.06121
											-2.05422	-0.32561	5.65510
											0.97205	-0.45490	15.26064
											-0.31125	-0.74220	10.31901
											0.99599	-0.69911	9.62948
											1.68073	-0.24900	12.71321
											0.72305	-0.46448	9.13627
>	11:28:55	51.126810	17.041781	119.10	18	26	27	0.01	4.80	43.10	-0.18196	-0.29209	11.85130
											-1.18274	0.13886	10.84095
											-0.55545	0.80924	11.33415
											0.85234	0.63686	12.46900
											0.43574	0.31603	8.89207
											1.53229	0.11971	10.66856
											1.52750	0.34477	11.67413
											0.31125	0.40701	9.18416
											1.23541	0.53630	9.91199
											-0.36392	0.90501	11.22402
											-1.19231	0.69911	8.10198
											-0.11013	0.11492	13.78102
											-1.64721	-0.28730	8.86333
											1.39343	-0.30167	12.63660
											0.46448	-0.38786	12.30141
											0.46448	-0.45490	7.01501
											0.68474	-0.13408	10.73081
											0.37828	-0.07661	8.60476
											1.18274	-0.83318	10.63983
											0.97683	-0.92416	10.61110
											0.38307	-0.62249	10.99417
											-0.74220	-0.10056	9.61990
											-0.61292	-0.01915	13.67568
											-1.30245	0.69911	8.31267
											1.04387	0.64165	12.06199
											0.67516	0.56982	10.42914
>	11:28:56	51.126838	17.041846	119.30	18	26	27	0.01	4.80	43.10	-1.13485	-0.39744	10.46266
											-0.70390	-1.07260	11.82257
											0.84276	-1.06781	9.18416
											1.48441	-0.50278	11.97101
											1.60890	-0.36392	9.64384
											1.41737	-0.40701	10.66377
											0.71347	-0.67038	10.89362
											-0.33998	-1.26414	8.56167
											-0.13886	-1.45089	9.08839
											0.62728	-1.10133	12.06678
											-0.95768	-0.12929	8.52815
											0.35913	0.12929	11.33894
											-0.49799	-0.11492	10.97981
											0.91937	-0.14844	9.56244
											1.11091	-0.38307	11.89439
											0.83797	0.14844	8.88728
											0.87149	0.62728	10.49618
											0.43096	0.86191	10.87925
											-0.10056	1.20668	8.93037
											0.10534	0.70868	10.29507
											0.10056	-0.74699	11.85609
											-0.61770	-1.41737	8.34619
											1.21625	-1.08218	12.54562
											0.01915	-0.38307	10.15620
											1.22583	-0.29688	10.54885
											0.98162	-0.75657	11.90876
>	11:28:58	51.126886	17.041978	119.50	18	27	28	0.01	4.80	43.10	0.35434	-1.57538	8.23605
											0.58897	-1.24020	12.10030
											-0.58897	-0.64165	9.14106
											-0.84755	-0.48363	9.26556
											0.65122	-0.43096	12.45464
											1.00078	0.17238	9.15064
											1.63285	0.64643	11.81299
											0.91459	0.59855	10.84095
											0.46448	0.57461	9.02614
											0.42617	0.27294	12.33014
											-1.18274	0.53151	8.20253
											-0.29209	-0.39744	9.65821
											-0.25379	-0.91937	12.35887
											-0.82839	-0.59376	8.73405
											0.91459	-0.46448	11.52569
											0.30646	-0.75178	10.93192
											1.14443	-0.66080	9.73004
											1.08697	-0.65122	11.49217
											0.60813	-0.33519	9.41879
											0.74699	0.07661	11.04685
											0.11971	-0.26815	9.75398
											0.17238	-0.77572	9.55287
											-0.42138	-0.67516	8.98304
											0.09577	-0.54109	13.25909
											-1.65679	0.45490	7.86735
											0.90980	0.28252	12.66533
>	11:28:59	51.126909	17.042048	119.50	18	27	28	0.01	4.90	43.20	-1.81002	-0.16281	8.29351
											0.53151	-0.30646	10.20888
											0.83318	-0.49799	11.78905
											0.74220	-0.95289	8.85855
											1.50356	-0.82361	11.57836
											0.16281	-0.26336	10.42914
											0.57940	0.70390	10.24239
											0.38786	0.39265	10.96544
											0.23942	-0.46926	9.08839
											0.47884	-0.75657	10.86968
											0.11013	-0.45969	10.52012
											-0.49321	-0.19154	9.29429
											-0.33519	0.13408	11.37725
											-0.08619	0.55067	11.37725
											0.00000	0.71826	9.21768
											1.51314	0.19632	10.55843
											0.85234	0.13408	10.88404
											1.26893	0.45490	10.67335
											0.86191	0.47884	11.39161
											0.34477	0.34477	8.10677
											0.33519	0.10056	12.02368
											-0.66559	-0.18675	8.91601
											-0.57461	-0.64643	8.08761
											0.93853	-0.57461	13.80976
											-0.62728	-0.40701	10.12268
											0.51236	-1.05345	9.81623
