>	11:09:00	51.130566	17.037406	117.40	17	25	27	0.02	13.00	26.10	-1.00078	-1.30245	10.30943
											-0.56503	-1.18752	12.84250
											0.92416	-0.52672	10.14184
											1.32639	0.11971	8.95431
											1.69988	0.90980	10.37168
											1.87705	1.14922	10.53928
											1.36948	0.97683	9.48104
											0.73741	0.59855	8.57124
											0.72305	-0.28252	9.37569
											0.67038	-0.89543	11.46823
											0.11971	-1.30245	10.85531
											-1.11091	-1.37906	9.22246
											-2.01592	-1.37906	8.59997
											-0.68953	-0.98162	8.15465
											0.24421	-0.70390	10.55364
											-0.02873	-0.84755	13.61343
											0.46448	-0.51715	13.05798
											-0.62728	-0.36871	10.54406
											-1.84354	-0.26815	7.93917
											-0.85234	-0.55545	7.46512
											0.89064	-0.69911	10.65899
											1.44610	-0.75657	12.61265
											1.46046	-0.42138	11.16656
											1.41737	0.02394	10.67335
											0.65122	0.52672	8.88249
											1.03430	0.86191	7.63272
>	11:09:01	51.130603	17.037399	117.60	17	25	27	0.02	13.00	26.10	0.00958	-0.43096	9.42837
											-0.73263	-0.32561	13.69483
											-2.41814	0.16759	7.89129
											-0.86191	0.36392	4.80756
											0.64165	0.27294	17.21910
											-1.81480	-0.10056	12.92390
											0.49799	0.75657	12.45464
											-0.50757	0.07661	16.37634
											-1.81480	0.18196	9.60554
											-0.54588	0.23942	2.79164
											1.69988	0.38786	7.12514
											4.40054	-0.36871	16.78814
											0.27294	0.09098	15.14093
											1.31202	0.46926	10.41957
											2.89698	0.09098	13.20642
											1.18274	0.53630	14.58069
											1.27850	0.62728	10.14663
											-0.08140	0.66080	8.18817
											-4.45800	0.74699	7.77158
											-1.62806	-0.10056	9.48583
											-0.68474	-0.94810	9.38527
											-4.27604	-0.26336	5.72214
											0.01437	-1.16837	9.18416
											1.94888	-1.11570	12.75631
											2.33195	-0.30646	19.90539
											-1.57538	-0.91937	15.53358
>	11:09:02	51.130639	17.037389	117.80	17	25	27	0.02	12.90	26.10	0.39265	1.15879	13.30219
											0.53630	1.41258	12.30620
											-0.59855	1.23062	7.15866
											-0.10534	0.65122	6.44040
											0.26815	0.09098	9.42358
											0.93853	-0.48363	12.27747
											0.88107	0.10534	9.98382
											0.93853	0.10056	9.74440
											0.27294	0.12450	9.71567
											-0.56503	0.28252	8.14507
											-0.45011	-0.07661	7.82425
											-0.40701	-0.09098	7.92002
											0.16281	-0.33998	11.67892
											-1.46525	0.48842	11.00375
											-2.14042	0.84276	6.73250
											-1.77650	1.19710	6.10521
											0.55545	1.18752	12.75631
											0.74220	1.39821	12.00932
											7.18739	0.58897	21.72977
											2.26491	-0.70390	21.40895
											-3.35188	-0.73741	6.66546
											-2.15478	-1.75734	-1.59454
											0.34477	-1.37906	6.80432
											1.27372	-0.67995	13.73314
											-0.08619	-0.11971	8.73884
											-0.54588	-0.43574	4.77883
>	11:09:03	51.130676	17.037378	118.50	17	26	27	0.02	12.90	26.10	0.33519	-1.77650	10.14663
											0.88585	-1.51792	11.97580
											0.56503	-1.40300	11.69328
											0.22984	-1.41737	10.62068
											0.44053	-1.47962	10.89362
											0.75657	-1.44610	10.86968
											0.70868	-1.45089	10.59195
											0.45011	-1.23541	10.40520
											0.07661	-0.92895	9.83538
											-0.15802	-0.39744	9.60554
											-0.43574	-0.15323	9.18895
											-0.33998	-0.18675	10.34295
											-0.11971	-0.42617	11.13304
											0.35434	-0.43574	10.22803
											0.67038	-0.52194	9.60554
											0.54588	-0.66559	10.55364
											1.91057	-0.83797	15.99806
											0.14844	-1.30245	14.14015
											-2.84910	-0.79009	3.30400
											-1.81002	-0.50278	2.54264
											-0.49799	-1.00078	9.23683
											0.80924	-0.58897	12.64139
											0.43096	-0.22984	10.40041
											0.18675	0.22984	10.00776
											1.20189	0.39265	12.05720
											0.59855	0.76136	11.81299
>	11:09:04	51.130708	17.037372	118.70	17	26	27	0.02	12.90	26.20	1.22104	0.87149	12.14818
											-0.06225	1.06781	12.56956
											-1.04387	1.24498	6.97192
											-0.43096	1.89621	7.75721
											0.19632	1.71904	12.72279
											-0.35434	1.56581	11.27669
											-0.86670	1.75256	6.36379
											-0.25379	0.87149	9.11233
											0.44532	-0.01437	13.97735
											0.13886	-0.68474	10.98939
											0.61292	-1.30245	9.46667
											1.40300	-2.10211	11.73638
											1.69031	-2.23140	12.64617
											1.27372	-1.56581	10.92235
											0.56503	-0.74699	9.03093
											1.12527	-0.17238	9.35654
											1.59454	-0.20111	10.71166
											0.79009	-0.43096	9.22725
											0.35913	-0.49799	7.10120
											0.30167	-0.73263	9.57202
											0.02873	-0.76136	13.26388
											0.30646	0.03831	12.54083
											-0.90022	0.75657	7.94875
											-3.05021	1.06303	1.54665
											1.30723	0.39744	3.70622
											5.28640	-0.25857	23.88456
>	11:09:05	51.130738	17.037367	118.60	17	26	27	0.02	12.90	26.20	0.43574	-0.66559	11.46344
											-0.75178	0.17717	10.19451
											0.62728	0.46448	11.02769
											0.96247	0.46448	9.77313
											1.41258	0.47884	10.14663
											1.76692	0.22984	9.99340
											-0.37350	0.26336	7.16345
											-1.69509	0.66080	0.56982
											3.96959	0.76614	6.77559
											7.23528	-0.18675	26.33143
											2.17394	0.26336	23.09926
											-3.96480	1.08697	5.53061
											-4.89375	0.75178	-3.44765
											-1.47004	-0.57940	6.14352
											-0.41659	-1.28329	14.81053
											-0.96247	0.02394	11.86566
											-1.14443	-0.24900	8.96868
											-0.01915	-0.08140	11.48738
											1.10133	-0.46926	12.59829
											1.14443	-0.61292	10.82179
											0.22027	-0.68474	7.64229
											0.25379	-0.37350	5.79876
											1.72383	-0.59376	6.84263
											0.44532	-0.92416	12.18170
											-2.06380	-1.16358	14.93503
											1.41258	-1.15879	12.68448
>	11:09:06	51.130771	17.037366	118.50	18	27	28	0.02	12.90	26.20	-0.63686	-0.45011	9.07402
											-0.00479	-0.44532	12.00932
											-0.70390	-0.43574	11.70286
											-1.37906	-0.21069	9.25119
											-1.52750	-0.14844	7.90565
											-0.00958	-0.17717	10.64462
											0.44053	-0.55545	11.34373
											1.13964	-1.00556	11.46823
											1.65679	-1.39343	11.97580
											2.59053	-1.91057	14.54717
											2.17872	-2.03028	16.21353
											-0.23463	-1.23062	9.86411
											-1.97282	-0.48842	-0.57461
											0.86191	-0.05746	1.50356
											2.92571	-1.07260	16.10819
											0.97683	-1.33596	15.66287
											-0.76614	-0.90501	8.02058
											1.01993	-0.99599	10.04607
											1.25935	-1.25935	12.54083
											-0.53151	-0.88585	10.38605
											-1.24020	-0.65122	6.63673
											-1.05824	-0.68474	4.97994
											0.07661	-0.79487	8.44196
											2.48518	-1.14922	16.73547
											0.97683	-1.30245	15.22712
											-0.79966	-0.54588	8.24563
>	11:09:07	51.130812	17.037369	119.50	18	27	28	0.02	12.90	26.20	0.03831	-0.37828	10.22803
											0.80445	-0.59855	10.65899
											0.82839	-0.95289	11.71243
											0.00000	-1.25935	10.76433
											-0.49321	-1.31202	9.56723
											-0.14365	-1.28329	9.54329
											-0.02394	-1.05345	9.84496
											-0.23942	-0.62249	9.13148
											-0.29209	-0.33040	8.83460
											0.01915	-0.22027	9.26556
											0.87628	-0.40701	11.43471
											2.05901	-0.67516	15.56231
											1.64242	-0.86670	15.96454
											-1.19710	-0.31603	7.59441
											-0.13886	0.35913	5.21457
											2.92093	-0.35434	14.69561
											2.32716	-0.34955	18.95729
											-0.55545	-0.14844	10.93671
											-3.79242	0.61770	-1.00556
											-1.29766	0.38786	-4.75967
											2.23140	0.20111	4.68785
											3.63440	-0.28252	20.06820
											-0.45490	0.44532	15.75385
											-1.45567	0.62249	7.29274
											-0.17717	0.85234	7.42203
											0.54109	0.41180	12.33493
>	11:09:08	51.130850	17.037380	119.70	18	27	28	0.02	12.80	26.30	1.38385	0.59855	10.60153
											1.05824	0.56024	11.03248
											0.74220	0.49799	10.97502
											0.93853	-0.02873	11.20008
											0.43574	-0.29209	10.51055
											0.22505	-0.61770	9.79707
											0.75178	-1.02951	10.79306
											0.43574	-0.99120	11.60230
											0.11492	-0.74699	9.90242
											0.10056	-0.45490	7.93438
											0.25857	-0.10056	9.79228
											0.11492	0.35434	11.18571
											-0.06704	0.67995	10.75954
											-0.17238	0.66080	10.75475
											-0.34955	0.42138	10.46745
											-0.96247	0.16759	9.70131
											-0.73263	0.27773	9.81623
											-0.19154	-0.08140	10.83616
											0.11013	-0.34477	10.84573
											-0.11013	-1.06781	10.04128
											0.60334	-1.16837	10.55364
											0.44053	-0.86670	9.84975
											0.38786	-0.36871	9.11233
											0.65122	0.22027	9.28471
											0.94810	0.54588	9.95030
											0.94810	0.55545	10.52970
>	11:09:09	51.130884	17.037390	119.70	17	26	27	0.02	12.80	26.30	-1.40779	0.28252	9.63427
											-0.45969	0.16281	8.61913
											0.65122	-0.41659	8.84418
											0.73263	-0.64643	9.82580
											0.09577	-0.61770	9.90242
											0.79487	-0.51715	10.23761
											1.41737	-0.47884	12.48816
											0.05267	-0.56503	12.22479
											-0.49321	-0.48363	9.55765
											-0.26815	-0.44532	8.58561
											0.30167	-0.25379	10.76433
											0.89543	-0.09577	10.80743
											0.41659	0.18675	8.87291
											0.36392	0.27773	6.93840
											1.45567	0.34955	10.09395
											1.78129	0.49321	16.02679
											0.31603	0.27294	12.95742
											-0.36392	0.37828	8.76757
											-0.41180	0.02873	10.16578
											-1.13964	-0.15323	9.36612
											0.42617	-0.04788	9.30387
											0.67516	-0.81403	10.24718
											1.93930	-1.11570	11.13304
											1.43652	-1.80523	11.23359
											0.13408	-2.04465	9.85453
											-0.60813	-0.99599	7.60877
>	11:09:10	51.130918	17.037396	119.50	17	26	27	0.02	12.80	26.30	-0.18196	0.02873	10.67335
											0.65601	-0.28252	11.26711
											0.02873	-0.25379	9.16979
											1.64242	-0.40223	8.57124
											1.39343	-0.46448	12.45464
											-0.01915	-0.50278	10.51533
											0.31603	0.11492	10.09395
											-0.30646	0.41659	11.34373
											-0.15802	0.84755	8.32703
											0.53630	0.61292	9.01656
											1.79565	0.00479	12.24395
											1.65679	-0.48363	12.20564
											1.00556	-0.91937	11.50175
											-0.38307	-1.47483	7.35020
											0.97205	-2.16436	9.57681
											0.77093	-2.24097	10.07001
											0.19632	-1.85790	9.32302
											-0.22505	-1.73340	7.32626
											1.30245	-1.97282	9.97903
											0.54588	-2.32716	12.26789
											0.99599	-2.07817	11.76990
											-0.22505	-1.85790	11.87045
											-0.29209	-1.14443	12.31099
											-1.29287	-0.06225	9.78750
											-1.05824	0.74220	8.52336
											0.20111	0.96726	9.42837
>	11:09:11	51.130956	17.037402	119.20	17	26	27	0.02	12.80	26.40	0.35913	0.02873	11.80341
											-0.49321	0.07183	10.36689
											0.23463	0.14844	8.90643
											0.43574	-0.00479	10.90798
											0.72784	-0.06225	11.31500
											0.78530	-0.18675	11.89439
											-0.13886	-0.00479	10.58237
											0.55067	0.27294	8.98783
											0.42138	0.14365	9.59117
											1.27850	0.06704	10.85531
											0.25379	-0.48842	9.49062
											1.84354	-1.52750	10.23761
											1.73819	-2.10211	9.60075
											0.22984	-2.16436	10.36211
											-1.89142	-0.82361	9.69173
											-0.99599	0.82361	12.24874
											-1.41258	0.62249	10.23761
											-2.16915	-0.89064	7.84340
											0.10534	-1.75256	9.71567
											1.75734	-1.01993	10.73081
											2.14042	0.20111	10.03649
											2.04465	0.91937	9.93115
											1.47962	0.98162	12.34450
											0.55067	0.45969	11.33894
											-0.40701	0.34955	7.58004
											-0.32561	-0.07183	10.27591
>	11:09:12	51.130992	17.037411	118.90	17	26	27	0.02	12.80	26.40	-0.13886	-0.85712	12.35887
											0.43096	-0.66080	9.96467
											1.12049	-1.29766	9.21768
											1.29766	-1.94409	9.44273
											2.32716	-2.29843	12.28704
											1.77650	-1.37427	14.09706
											0.04310	-0.16281	11.25275
											-1.32160	1.22583	10.07959
											-1.79565	0.60813	9.46189
											-1.78129	0.20111	7.36935
											-1.00078	0.48363	7.85298
											-0.74699	0.26815	12.25831
											0.95289	0.44532	10.50097
											2.45166	0.95768	10.02213
											2.29843	0.87149	9.96467
											2.09732	0.69432	9.34218
											0.77093	0.48363	9.82102
											1.02951	0.25857	10.80743
											1.13964	-0.02394	11.53526
											1.27372	-0.53151	13.50809
											-0.41180	-0.48363	11.83214
											0.46926	0.11971	9.33260
											0.46926	0.14844	11.13783
											-0.76614	0.51715	11.74595
											-0.38307	0.45011	7.97748
											-0.68953	-0.03352	6.18183
>	11:09:13	51.131021	17.037422	118.70	17	26	27	0.02	12.70	26.40	0.88107	-0.22505	11.48738
											0.53151	-0.70868	10.79785
											-0.46448	-0.64165	7.92960
											-0.07661	-0.66559	7.58483
											-0.22505	-0.56024	9.42358
											0.44532	-0.06225	10.98939
											0.47405	0.19632	11.09473
											1.03908	0.11971	10.20888
											0.41659	0.12929	4.54419
											4.71658	0.21069	16.56309
											1.66636	-0.55067	17.53513
											-0.96726	0.08619	5.83706
											-0.96247	-0.08140	5.93283
											0.97205	0.02873	12.43548
											-0.29688	-0.19632	9.96467
											-0.03352	0.30646	8.43717
											0.12450	0.35434	9.31344
											0.63207	0.19154	9.59596
											-0.31603	0.28730	7.39329
											0.03352	0.26336	6.57448
											2.09732	1.11570	12.92869
											0.58897	0.97683	12.15776
											-1.10612	0.26815	6.90009
											1.51314	-0.44532	10.87925
											0.65122	-0.04310	9.31344
											0.04788	-0.99599	5.50188
>	11:09:14	51.131056	17.037431	118.50	17	26	27	0.02	12.70	26.40	0.51715	0.23463	9.31344
											1.87705	0.26336	11.29584
											1.46046	0.10534	11.86566
											-0.14365	-0.17717	10.53928
											-0.55067	-0.55067	9.57202
											-0.30167	-0.94810	10.34774
											0.81882	-0.97205	14.09227
											-0.26815	-0.51715	12.54562
											-1.26414	-0.27773	8.40844
											-1.11570	-0.42138	7.70933
											0.36871	-0.09098	12.15776
											-1.17316	0.22984	10.29986
											-0.31603	0.23463	6.63194
											1.24020	-0.22505	9.75398
											1.81002	0.15323	12.67012
											1.64721	0.52194	10.44830
											1.56581	0.62249	9.63906
											1.73340	0.43096	10.62068
											0.48363	-0.09098	10.34774
											0.35913	-0.86670	10.13226
											0.45969	-1.60890	9.20810
											0.61770	-1.29287	8.68616
											0.53630	-0.77572	10.94629
											0.35913	-0.28252	10.48660
											0.32082	0.17717	10.16099
											-0.72784	0.07661	10.64941
>	11:09:15	51.131098	17.037432	118.60	16	24	25	0.02	12.70	26.50	0.43096	-0.07183	9.41879
											0.55545	0.00479	9.36612
											0.42617	0.11013	10.12268
											0.34955	0.13886	10.11311
											0.86191	-0.10534	10.42435
											1.34554	-0.12929	11.08037
											0.47405	-0.43096	9.52892
											0.38307	-0.46448	9.78750
											0.73741	0.01437	11.24796
											1.60890	0.28730	10.33816
											-0.16281	-0.25379	8.63828
											0.55545	-0.32561	10.57279
											0.00958	-0.18196	9.78750
											-0.16759	-0.41659	8.62391
											0.19632	-0.37828	10.31901
											0.23942	-0.21069	11.72680
											-0.64643	0.03352	11.23838
											-0.74699	-0.07183	9.99340
											-0.67516	0.02873	9.55765
											-0.19154	-0.01437	10.14663
											0.46448	-0.17238	10.38605
											1.13006	-0.56982	11.03727
											0.77093	-0.91937	10.84095
											0.82839	-0.95289	9.68694
											0.92416	-0.93374	10.07480
											0.86191	-0.98162	10.81221
>	11:09:16	51.131136	17.037432	118.80	16	24	25	0.02	12.70	26.40	0.67516	-0.00479	9.35175
											0.88107	0.12929	9.57202
											0.37350	0.15802	10.66856
											0.49799	0.21069	10.26634
											0.62249	-0.04310	10.80264
											0.39744	-0.03831	10.67335
											-0.10056	0.05746	9.30866
											0.11971	0.08619	9.90242
											0.04788	0.15802	10.93192
											-0.12929	0.43096	10.32859
											0.00958	0.63207	10.11311
											-0.03352	0.70868	9.75877
											0.19632	0.62728	9.19852
											0.48842	0.49321	9.60554
											0.61292	0.40701	10.41478
											1.01514	0.30167	11.01333
											0.50757	0.29209	10.35253
											0.39744	0.20111	10.09395
											0.42138	-0.00479	9.63427
											0.89064	-0.22027	9.77313
											0.98162	-0.37828	10.32859
											1.34075	-0.26815	11.26232
											0.53630	-0.35913	9.52892
											0.77093	-0.27773	9.48583
											0.18675	0.00479	10.46266
											0.40223	0.09577	10.66377
>	11:09:17	51.131173	17.037428	118.60	16	24	25	0.02	12.70	26.50	0.81403	-0.40223	10.90798
											0.39744	-0.22505	10.13705
											0.36871	-0.22984	9.68694
											0.54109	-0.23942	10.63026
											0.87149	-0.34955	10.87925
											0.66559	-0.45490	10.72602
											0.79966	-0.37350	10.96544
											0.44532	-0.37350	9.94073
											0.43096	-0.14365	8.85376
											0.95768	-0.26336	10.70687
											0.58419	-0.01915	10.93192
											0.18675	0.20590	10.26155
											0.15802	0.08619	9.75877
											-0.14365	0.01915	10.40999
											-0.67038	-0.07661	9.70609
											-0.55545	-0.08140	9.47625
											-0.38786	-0.01915	9.47625
											0.29688	0.46448	10.42435
											0.72784	0.71826	11.24317
											0.48842	0.58897	10.33337
											0.69911	0.47884	9.85453
											0.76614	0.14365	9.80186
											0.87628	-0.10534	10.50576
											1.49398	-0.24421	12.25352
											0.38786	-0.53630	9.97424
											0.34955	-0.37350	9.17937
>	11:09:18	51.131211	17.037419	118.70	15	23	23	0.02	12.70	26.50	0.75178	1.62806	8.96868
											1.47483	1.23541	11.11867
											0.88107	0.81882	11.46344
											0.72305	0.67995	10.93192
											0.66080	0.50278	10.96066
											0.68953	1.02472	10.85531
											-0.30646	0.94332	9.17937
											0.67516	0.84755	10.05086
											1.10133	0.59376	11.79863
											1.01993	0.25857	10.62068
											0.73263	-0.36871	9.52892
											0.84276	-0.60813	10.28549
											0.45490	-0.82839	9.74919
											0.09098	-1.03908	8.97826
											-0.14844	-1.16837	9.46189
											-0.16281	-1.00556	10.27591
											0.84755	-0.56024	11.74595
											-0.01437	-0.55067	10.56801
											0.05746	-0.28730	9.91678
											0.34477	-0.32082	10.14663
											0.67516	-0.07661	10.67335
											0.64643	-0.03352	10.21366
											1.35512	0.12929	11.27190
											0.88107	0.36392	10.95108
											0.75657	0.44053	9.31823
											0.74220	0.25379	9.61990
>	11:09:19	51.131244	17.037404	118.40	15	23	23	0.02	12.70	26.60	0.75657	-0.16281	10.65899
											0.70390	-0.00479	10.36689
											0.82839	0.27773	10.49139
											0.72784	-0.05746	10.71645
											0.42138	-0.15323	9.22246
											0.89064	-0.06704	10.03170
											0.40701	0.34477	10.07480
											0.25379	0.82839	9.78271
											0.45490	1.01514	10.32859
											0.00958	0.65601	10.33816
											0.12929	-0.04310	10.05086
											0.10056	-0.69432	9.61511
											0.22505	-0.62728	10.24239
											0.62728	-0.33519	11.20008
											0.96247	0.09098	11.47780
											0.17238	0.30167	9.68694
											0.64165	0.10056	10.34774
											-0.00479	0.07661	9.86411
											0.28730	0.11492	9.67736
											0.11013	0.19154	9.96946
											0.76614	0.30167	10.97981
											0.38786	0.28730	11.43950
											0.07661	0.11971	10.46266
											0.01915	0.00000	9.69173
											-0.00958	0.20111	10.16099
											0.17717	0.36871	9.84975
>	11:09:20	51.131274	17.037388	118.30	15	23	23	0.02	12.60	26.60	0.78051	-0.48363	9.85932
											0.91459	-0.28252	10.50576
											1.21625	-0.26336	10.54406
											1.18752	-0.27294	10.47703
											1.09654	-0.25857	10.64941
											1.14922	-0.32561	9.94073
											1.50835	-0.29688	9.88326
											1.78129	-0.25379	11.07558
											1.65200	-0.54109	10.75475
											1.25935	-0.77572	8.86812
											1.75256	-0.96726	9.17458
											1.75256	-1.04387	10.89841
											1.79565	-1.02951	11.02290
											1.61369	-1.01035	10.84095
											1.29287	-1.07260	10.82658
											1.10133	-1.01514	10.72124
											0.73263	-1.01514	10.10353
											0.51715	-1.06303	9.39485
											0.51236	-1.02472	10.07959
											0.76614	-1.05824	10.82179
											0.79009	-1.10612	10.64941
											0.50278	-1.16837	9.85932
											0.32082	-1.30723	9.26556
											0.67995	-1.16837	9.66300
											0.76614	-0.89064	9.52413
											0.58897	-0.58419	9.71088
>	11:09:21	51.131307	17.037378	118.30	15	22	23	0.02	12.60	26.70	0.90501	1.33596	9.99340
											0.48363	1.29287	10.22803
											0.49321	1.11570	11.77468
											0.62249	0.79966	11.51132
											1.26414	0.45969	11.28148
											1.30723	-0.08619	11.42034
											0.93374	-0.53630	9.93594
											0.26336	-0.44053	7.07247
											1.91057	0.06225	10.45787
											2.57616	0.56503	13.71399
											1.84832	1.44610	11.34373
											1.73340	1.04866	10.80743
											0.62728	-0.21548	8.51857
											-0.08140	-1.01514	3.04542
											2.63362	-2.48039	8.63828
											0.58419	-1.91536	5.62159
											0.17238	-1.16358	-2.88741
											4.40533	0.59376	1.74777
											12.48816	-2.31759	31.24912
											2.46603	-0.11492	18.41141
											1.63285	-0.30646	11.75074
											-0.01437	-0.76136	9.74440
											3.22738	-3.10767	11.19050
											1.80523	-2.60968	12.11466
											1.35033	-1.70467	11.90876
											0.92416	-0.45969	11.06121
>	11:09:22	51.131339	17.037378	118.40	15	22	23	0.02	12.60	26.70	2.81079	0.15323	11.26711
											1.35512	0.34955	7.95354
											0.81882	0.35913	7.59441
											2.00634	-0.77093	12.43548
											0.76614	-0.18675	8.86812
											1.45089	-0.78051	9.31344
											1.00078	-1.45567	12.05241
											0.90501	-1.75734	11.10910
											0.67516	-2.24097	9.19852
											2.35589	-3.11246	11.05163
											0.34955	-3.16513	10.05565
											0.82361	-2.98318	10.33816
											0.21548	-1.47962	8.77236
											1.65200	0.19632	11.61188
											0.95289	-0.70868	12.24395
											1.68552	-1.05345	12.89038
											-0.21548	-0.22984	7.24007
											3.57215	1.42216	6.58405
											2.80600	-0.07183	11.57357
											0.98162	-0.68953	12.43548
											0.72305	-1.06781	7.50343
											-1.66158	-0.58897	9.24162
											-2.20267	-0.00958	11.43471
											-1.95846	0.31603	11.38204
											-0.38786	0.20590	13.43626
											-0.23942	0.30646	12.62223
>	11:09:23	51.131344	17.037401	116.50	15	22	23	0.02	12.60	26.70	-0.78530	-2.33195	10.33816
											-0.85234	-2.18830	9.14585
											0.20111	-2.02549	11.35330
											-0.05746	-1.72861	11.55921
											-0.15802	-1.80044	8.75320
											0.31125	-1.83396	9.92636
											0.08619	-1.64242	11.60709
											-0.73741	-1.26893	10.76912
											-0.24421	-0.94332	8.74841
											1.37906	-0.85234	10.34774
											0.93853	-0.80445	12.27268
											-0.13408	-0.90501	10.12747
											0.01437	-1.27372	8.46590
											0.80445	-1.30245	9.80186
											1.01993	-0.78530	9.57202
											1.10612	0.02873	7.95354
											1.26893	0.46448	9.46667
											0.99120	0.30167	12.01410
											0.27294	0.14365	11.11867
											-0.25857	0.25379	8.87770
											-0.69911	0.49321	8.95910
											-1.06781	0.61292	9.97424
											-1.31202	0.72305	10.63504
											-0.47884	0.82361	12.10508
											-0.29209	0.44053	12.88559
											-0.60334	0.17238	10.87446
>	11:09:24	51.131354	17.037437	116.40	14	22	23	0.02	12.60	26.80	-0.76136	-1.41258	8.69574
											0.28730	-0.94810	9.86411
											0.56982	-0.74220	10.87925
											0.77093	-0.64165	9.53371
											1.36948	-0.32561	10.52970
											1.30723	-0.20111	12.01410
											0.90022	-0.12450	9.87369
											0.29209	-0.20590	9.10754
											0.69432	-0.53630	11.59272
											0.80445	-0.55067	10.57279
											-0.08140	-0.16759	8.10198
											-0.33040	0.04310	8.30309
											0.58897	0.23942	9.79707
											1.07739	0.56982	11.48259
											0.48363	0.18196	13.06276
											-0.22027	0.20111	10.75954
											-0.47405	0.13408	9.20810
											-0.15323	0.01915	8.84418
											0.27294	-0.03352	10.20888
											0.99120	-0.20111	11.77468
											-0.03352	-0.12929	10.23282
											0.74699	-0.58897	9.66779
											0.48842	-0.68474	9.54329
											1.68552	-0.96247	11.02769
											0.72784	-0.56503	11.11388
											0.79009	-0.56982	10.91756
>	11:09:25	51.131361	17.037481	116.30	14	22	23	0.02	12.50	26.80	-0.77093	0.84276	6.84263
											0.65122	-0.74220	10.17057
											0.56982	-0.89543	13.21120
											-0.26815	-0.66559	10.30464
											-0.14365	-0.86670	9.71088
											-0.22027	-0.60813	11.02769
											-0.80445	-0.40223	8.84897
											-0.16759	-0.94810	8.88728
											0.76614	-1.13006	11.26232
											0.14844	-0.80445	10.54885
											-0.17238	-0.68953	10.16578
											-5.82749	-9.12191	-5.82749
											0.19632	-1.02951	8.75320
											1.13006	-1.16358	9.60554
											1.33118	-0.99120	11.34852
											0.84276	-0.62728	9.75877
											1.43173	-0.36392	9.84975
											0.81403	-0.07661	9.89763
											1.05345	0.00000	10.71166
											0.79966	0.02873	10.28549
											0.37350	0.18196	9.20810
											0.59855	0.11971	10.77391
											0.30167	0.08619	10.86489
											-0.55067	-0.18196	8.76757
											-0.14844	-0.64165	9.17458
											0.03352	-0.42617	10.44351
>	11:09:26	51.131367	17.037523	116.20	14	22	23	0.02	12.50	26.80	-0.21069	-1.20668	11.97580
											-0.78530	-1.13006	8.67180
											1.13964	-1.05824	11.35330
											0.86191	-0.36871	14.62378
											-1.32160	-0.09577	9.79228
											0.33998	-0.43574	9.72046
											1.11091	-0.06225	11.93270
											0.00958	0.30646	9.03093
											0.28730	-0.28252	8.50899
											1.03908	-0.19632	10.53449
											0.84276	0.42138	10.20888
											0.42617	0.11013	8.37971
											0.68953	-0.22027	10.16578
											-0.54588	-0.37828	9.41879
											0.35913	-0.25379	9.31344
											-0.89064	-1.09654	8.58561
											1.08697	-0.72305	10.88404
											0.74699	-0.64643	11.53526
											-0.33519	-0.83797	9.89284
											-0.13886	-1.56102	10.57758
											-0.31125	-1.72383	9.85453
											-0.23463	-2.20267	9.43316
											0.03352	-2.58095	11.48259
											0.22505	-2.14520	11.45865
											-0.46448	-1.25935	8.71489
											0.00000	-0.33998	7.55131
>	11:09:27	51.131364	17.037569	116.20	14	22	24	0.02	12.50	26.90	1.50835	0.06704	10.22803
											1.19710	-0.06704	11.55921
											1.15879	0.20590	11.25754
											0.93853	-0.46448	11.54484
											0.77093	-0.01437	10.33337
											-0.29688	-0.16759	8.43717
											0.23463	-0.30646	10.10353
											-0.78051	-0.61292	10.78827
											-0.48363	-0.76136	9.89763
											-0.32561	-1.27850	10.45787
											-0.47405	-1.19231	10.88404
											-0.67038	-0.93853	9.45710
											-0.52672	-1.21625	9.76834
											-0.11492	-1.44131	9.66779
											0.81882	-1.65679	10.17057
											1.10133	-1.76213	11.25754
											1.30723	-1.32160	9.85932
											1.49398	-1.01035	9.11712
											1.47483	-0.73263	10.25197
											1.06303	-0.80924	10.88404
											0.51236	-0.95289	10.66856
											0.15323	-1.22104	7.47470
											0.54588	-1.50356	9.51935
											0.81403	-1.31202	11.41077
											0.25857	-1.21147	10.62068
											0.60813	-1.26893	11.63103
>	11:09:28	51.131351	17.037622	116.00	14	22	24	0.02	12.50	26.90	-1.39343	0.29688	9.43794
											0.08619	0.02873	10.09874
											0.07183	0.11971	13.60385
											-1.25935	0.20590	9.25598
											-0.48842	-0.47405	8.25042
											0.87149	0.02873	11.22881
											1.81959	0.32561	13.19205
											0.86191	-0.47405	10.74997
											0.70868	-0.45011	8.14029
											0.52672	-0.38786	7.58962
											1.32160	0.17717	9.40442
											-0.08619	-0.56982	8.58082
											2.63362	-0.78530	12.84250
											1.67594	-1.02472	13.77145
											0.92895	-0.44532	9.50977
											-0.41659	-0.87628	9.39006
											-0.37828	-0.30167	10.42435
											-0.73263	-0.21069	10.40520
											-0.24900	-0.79966	11.90397
											-0.83318	-0.72305	10.20409
											-0.48363	-0.16759	9.39964
											-0.91937	0.01915	8.07325
											-5.82749	-9.12191	-5.82749
											2.42772	0.58419	14.86799
											0.44053	0.81403	12.41633
											-0.38307	0.65601	6.76601
>	11:09:29	51.131338	17.037681	116.10	14	22	24	0.02	12.50	26.90	1.40779	0.16281	11.82257
											1.30723	0.70390	10.63983
											-0.56503	0.63207	7.06289
											-0.71347	-0.09098	6.44040
											0.93853	-0.28252	10.87925
											0.57940	-0.75178	12.89038
											0.79009	-0.87149	12.64617
											0.17717	-0.73741	10.97981
											-0.67038	-0.37350	8.73405
											-0.29688	-0.63207	10.28070
											0.43574	-0.65122	12.62702
											-0.37350	-1.05345	11.47301
											-0.04310	-1.36948	10.59195
											-0.15323	-0.90501	9.68215
											0.09577	-0.10056	9.66779
											0.18196	-0.10056	9.41400
											1.10612	-0.27773	11.44428
											-0.46448	-0.11971	10.13705
											-0.22984	0.06225	8.77714
											1.54665	0.15323	10.08917
											1.97282	0.95289	10.73560
											0.99120	0.44053	9.79228
											1.86748	0.07661	10.85052
											1.31681	0.29209	11.69807
											-0.22984	0.12450	9.53371
											0.28252	-0.41180	9.50977
>	11:09:30	51.131333	17.037740	115.80	14	22	23	0.02	12.50	26.90	-0.77572	0.86670	8.94474
											1.37906	0.67516	11.26232
											1.38864	1.11570	10.50097
											1.12527	0.90501	10.29028
											1.88184	0.25857	10.62068
											2.13084	0.58897	10.40999
											2.35111	0.37828	11.99495
											0.85234	0.33519	10.84095
											-0.50278	0.23942	7.88650
											-0.17717	-0.20590	8.37492
											0.25857	-0.59855	11.71722
											-1.27850	-0.70390	9.44752
											-2.48518	-0.98162	7.28795
											-1.55623	-1.30245	10.83616
											-1.64721	-1.19710	11.16656
											-1.20189	-1.39821	10.87446
											-0.47884	-1.35991	11.70765
											0.13886	-0.47405	8.63828
											0.87149	-0.40701	10.20888
											1.47004	-0.31603	12.85686
											-0.58419	-0.33998	10.27591
											-1.45567	-0.36392	8.55209
											-1.32639	-0.37828	8.52336
											-0.10056	0.45490	9.43794
											0.25379	0.25379	12.33014
											-0.16281	0.09098	11.44907
>	11:09:31	51.131333	17.037800	115.60	14	22	23	0.02	12.50	26.90	0.22505	0.08140	11.83214
											0.83318	0.21548	10.63026
											0.41180	-0.00958	11.77468
											-1.08218	0.14365	9.38048
											-0.42138	0.16281	10.08917
											0.41659	0.06225	10.78348
											-0.15323	-0.58897	10.11311
											-0.55545	-0.54109	8.18338
											1.81959	-0.87628	9.48104
											1.98719	-0.89064	11.23359
											0.53151	-0.98162	10.03170
											0.74220	-0.71826	9.19852
											2.58095	-0.58897	12.52168
											0.24421	-0.55545	11.61667
											0.23463	0.01437	8.50420
											0.57461	-0.22505	10.16099
											0.14844	-0.26336	11.44428
											-0.02394	-0.49321	9.63906
											0.22984	-0.36392	10.44830
											-0.24900	-0.15802	9.62469
											-0.34955	0.04788	9.80186
											0.52194	0.34477	10.13226
											0.61292	0.48842	11.49696
											-0.63686	0.52672	10.77870
											-0.77093	0.30646	9.43794
											0.31603	0.45969	10.32380
>	11:09:32	51.131333	17.037865	115.20	14	22	23	0.02	12.40	27.00	0.72784	0.16281	8.23605
											1.59454	0.42138	9.85932
											1.06303	0.30167	10.32380
											1.14922	0.45011	12.70363
											-0.38307	0.57461	8.27915
											0.07183	0.06704	9.43794
											-0.91937	-0.96726	10.52012
											-0.24421	-1.14443	11.07079
											-0.26336	-0.67995	10.78827
											0.59855	-0.36392	11.79384
											-0.03831	0.29688	10.96066
											0.40701	0.58419	10.53449
											-0.14844	0.91937	8.90164
											0.39744	0.64165	9.52413
											0.35434	0.03831	10.48660
											0.56024	-0.31125	8.42759
											1.63763	-0.64643	9.96467
											1.84354	-0.79009	12.07156
											0.68953	-0.67995	10.52012
											0.61770	-0.92416	8.98304
											0.66080	-1.18752	8.63349
											0.93853	-1.50356	10.19930
											0.21069	-1.34075	10.90798
											-0.47884	-0.76614	11.20965
											-1.33596	-0.17238	9.06924
											-1.26893	0.31125	9.17458
>	11:09:33	51.131343	17.037928	115.30	15	20	22	0.02	12.40	27.00	0.26336	-0.40223	10.82658
											0.17717	-0.52672	9.32302
											-0.27294	-0.66080	8.71968
											1.14443	-0.59855	11.32457
											0.29209	-0.44053	10.84573
											0.83797	-0.25857	10.54885
											0.33998	-0.11013	9.06924
											0.85712	0.17717	9.17458
											0.23942	0.11492	9.14106
											0.80924	0.22984	10.44830
											0.25379	0.19154	10.74997
											0.69911	0.15323	10.82658
											-0.20111	0.15323	9.87369
											-0.03831	0.39744	10.36211
											-0.23463	0.41659	10.56801
											0.00479	0.38786	12.09551
											-0.33519	0.19632	11.21444
											0.30167	0.11013	10.27591
											1.01514	0.33519	9.88326
											1.45089	0.62249	11.26232
											0.93374	0.47405	10.97981
											0.20111	0.27294	8.42759
											0.44532	0.09577	8.69574
											0.75657	-0.28730	10.61110
											0.37828	-0.42617	10.71166
											0.55545	-0.17717	10.38605
>	11:09:34	51.131355	17.037986	115.10	15	20	22	0.02	12.40	27.00	-0.64165	0.16281	10.25197
											-0.23942	0.09098	9.90721
											-0.15323	-0.16759	8.91122
											0.53151	-0.29688	9.32302
											0.85234	-0.61770	10.42435
											1.21147	-0.83318	10.76912
											1.06781	-0.60813	9.43794
											1.24977	-0.23942	9.35654
											1.05824	-0.02394	9.36133
											1.25935	0.05746	10.82658
											0.73263	-0.06225	11.40119
											0.33998	-0.08619	10.26155
											0.06225	-0.27294	9.64863
											0.02394	-0.39744	11.31979
											-0.15323	-0.48363	11.41555
											0.02394	-0.24421	11.31500
											-0.61770	-0.24421	9.38048
											0.40223	0.05746	9.72525
											0.35913	0.14365	10.53449
											0.62249	0.55545	11.33415
											-0.45969	0.42138	10.10353
											-0.17717	0.24421	9.85453
											-0.02394	0.07661	8.77714
											0.63207	0.07661	9.58160
											0.96247	0.05746	10.84573
											1.33596	0.00000	11.56878
>	11:09:35	51.131374	17.038044	115.20	15	20	22	0.02	12.40	27.10	0.86670	-1.01514	10.66377
											0.19632	-1.09654	10.43872
											0.40701	-0.84755	9.49540
											-0.18196	-0.53151	9.76355
											0.18196	-0.44053	10.70687
											0.33998	-0.39744	11.42513
											-0.41659	-0.42617	10.52970
											-0.33519	-0.36392	9.74440
											0.27294	-0.43096	10.75475
											0.63207	-0.47884	11.08994
											1.02951	-0.53630	11.28148
											0.19154	-0.57461	9.61990
											0.39265	-0.34477	8.42280
											0.54109	-0.22505	9.52413
											1.12049	-0.18196	11.26232
											0.82839	-0.27773	10.39084
											0.95768	-0.35434	9.93115
											0.41659	-0.42138	9.17937
											0.22027	-0.24421	9.01178
											0.11971	-0.11971	9.78750
											0.62249	-0.11013	12.15297
											-0.13408	0.02394	10.92235
											-0.42138	0.16759	10.23761
											-0.03831	0.09577	11.32936
											-0.43096	-0.14844	10.15620
											0.33040	-0.59855	11.13304
>	11:09:36	51.131389	17.038104	115.10	14	20	21	0.02	12.40	27.10	1.04387	-0.11971	10.16578
											1.68073	0.78051	11.70765
											-0.01437	0.45969	9.34696
											0.25857	0.00958	9.50977
											-0.34955	-0.96726	9.72525
											-0.15323	-1.40300	11.53526
											-1.23062	-1.81002	9.85453
											-1.06303	-1.05824	9.88326
											-0.19632	-0.57940	12.08593
											-0.33519	-0.18675	11.50653
											-1.43652	-0.22505	8.52815
											0.59855	-0.28730	8.92080
											1.78607	-0.03831	11.16177
											2.11647	-0.25379	11.07558
											1.47962	-0.54109	9.12670
											1.00556	-0.24900	9.38527
											1.37427	-0.17238	9.75398
											1.53229	-0.40223	10.92714
											0.27773	-0.73741	10.45308
											-0.17717	-0.55067	9.30866
											0.23942	-0.31125	9.81623
											0.76136	-0.31603	11.28148
											0.16281	-0.11013	11.58315
											-0.42617	0.16759	11.18571
											-0.49321	0.17238	9.29429
											-0.51715	0.23942	10.04128
>	11:09:37	51.131404	17.038171	115.80	14	20	21	0.02	12.40	27.10	0.69911	-0.10056	10.18493
											0.73741	-0.10056	11.57357
											0.59376	-0.18675	10.50576
											0.76136	-0.39265	9.72046
											0.45969	-0.40701	9.27993
											0.69432	-0.12450	9.75398
											1.06303	0.22984	10.58237
											1.10133	0.71826	11.43471
											0.38307	0.54588	9.57202
											0.54588	0.12929	8.83460
											0.65122	-0.15802	10.10832
											0.26336	-0.55067	9.61511
											0.44532	-0.71826	10.56322
											0.22984	-0.48363	10.27112
											-0.11492	-0.21548	9.07881
											0.56503	-0.09577	10.33337
											0.48363	-0.32082	11.41555
											0.32561	-0.39265	11.44907
											-0.15323	-0.36392	9.97903
											-0.17717	-0.52672	9.68215
											0.20590	-0.90501	11.00854
											0.22027	-1.25935	10.76433
											0.45969	-1.13964	10.20888
											0.51236	-0.89543	9.74440
											0.41180	-0.59376	9.29908
											0.53630	-0.56024	9.25119
>	11:09:38	51.131417	17.038235	115.80	14	20	21	0.02	12.40	27.10	0.39744	-0.27294	9.63427
											0.64165	-0.17717	10.77391
											0.94332	-0.11492	11.49696
											0.48363	-0.32082	11.22881
											0.04788	-0.50278	10.52012
											0.56024	-0.67995	10.33816
											0.09577	-0.70868	10.56801
											0.06704	-0.46926	10.03170
											-0.24421	-0.25857	9.83538
											-0.11492	-0.03831	9.23683
											0.08619	0.00479	9.75398
											0.58897	0.07183	11.04206
											0.79009	0.28730	11.97580
											-0.17717	0.48363	10.39562
											-0.09577	0.69911	9.73004
											0.10056	0.43096	9.44273
											0.53630	0.18675	10.69250
											0.58897	0.00958	9.25119
											1.33596	0.01437	9.73004
											0.24421	-0.07183	9.26556
											0.81882	0.01915	9.28471
											1.03430	0.00000	9.77313
											1.32639	0.13408	11.93270
											-0.28730	0.20590	10.95108
											0.17717	0.67038	9.47146
											0.25857	0.71826	9.13627
>	11:09:39	51.131427	17.038300	115.80	14	21	22	0.02	12.30	27.20	-0.40223	0.11492	8.51378
											-0.38307	-0.01437	8.94474
											-0.10534	-0.05746	9.92636
											0.49321	-0.17717	10.71645
											0.22027	-0.20111	11.57357
											0.24421	-0.16759	9.91199
											0.45011	-0.06704	10.03170
											0.58419	-0.00958	10.87446
											0.73263	0.07183	10.99417
											0.60334	0.00958	11.07079
											0.42617	-0.11492	10.09874
											0.55067	0.15802	9.20331
											0.91937	0.56503	9.76834
											0.59855	0.71347	10.90798
											0.08619	0.64643	10.36211
											-0.36392	0.49799	8.33661
											-0.25379	0.37828	7.90087
											0.20590	0.10534	9.76355
											0.79009	-0.30167	12.25352
											-0.22505	-0.62249	11.40119
											-0.61770	-0.74699	9.51935
											-0.27294	-0.79487	10.49139
											0.10534	-0.88107	11.42992
											0.21069	-1.01035	10.98939
											0.37828	-0.76136	9.69652
											0.87628	-0.67995	8.25521
>	11:09:40	51.131440	17.038365	115.90	14	21	22	0.02	12.30	27.10	0.23463	0.63207	8.74362
											1.34075	0.44532	11.59751
											0.79009	0.18196	11.14740
											0.42138	0.26336	8.35098
											1.24498	0.13408	8.96868
											0.58419	0.17717	9.07881
											0.37350	0.30646	9.56723
											-0.14844	0.51715	9.59117
											0.76136	0.73263	11.69328
											-0.12450	0.93853	11.05163
											0.06225	0.74699	10.14663
											-0.55545	0.29209	9.34218
											-0.14365	-0.16759	10.61589
											-0.28730	-0.45490	10.53449
											-0.10056	-0.96247	8.99262
											-0.10534	-1.06781	9.97424
											0.36392	-0.88107	11.73638
											0.38786	-0.90980	12.55519
											-0.11492	-0.81882	11.13783
											-0.21548	-0.74699	8.73405
											0.54588	-0.46926	10.29507
											0.82361	-0.27294	11.72201
											0.50278	0.00479	10.36211
											0.71347	0.08619	9.60554
											0.66080	-0.05746	9.39485
											0.49321	-0.61292	10.67335
>	11:09:41	51.131455	17.038427	115.90	14	21	22	0.02	12.30	27.10	0.22027	-0.10534	9.26556
											1.15879	-0.06225	11.76990
											0.22505	0.07661	11.17613
											0.08619	0.20590	10.02692
											-0.26815	0.01437	10.05086
											-0.38307	-0.26336	9.47146
											0.09098	-0.60813	10.60153
											-0.18675	-0.79487	10.51055
											-0.08140	-0.88585	9.88326
											0.68474	-0.71347	11.11867
											0.40223	-0.62728	11.07079
											0.65601	-0.67038	11.14261
											-0.31603	-0.84755	8.88728
											0.61292	-0.65122	8.87770
											0.98641	-0.47884	11.31979
											0.92895	-0.10534	12.29662
											0.74220	-0.02394	10.86968
											0.48363	0.08140	9.78750
											0.17717	-0.25857	9.84975
											-0.31125	-0.70390	9.58160
											0.30646	-0.78530	10.07480
											0.00479	-0.70390	8.33661
											0.10534	-0.40701	9.00220
											0.71826	-0.40701	9.34218
											0.77093	-0.48363	9.41400
											1.11091	-0.44053	11.46344
>	11:09:42	51.131470	17.038492	115.80	14	20	22	0.02	12.30	27.20	0.82839	-0.85712	11.17613
											0.11971	-0.89543	11.61667
											0.20590	-0.32561	10.97502
											0.07183	0.41659	9.55287
											0.51236	0.86670	10.65899
											-0.19632	0.72305	10.22324
											0.25857	0.39744	9.26077
											0.25379	-0.17717	9.35654
											0.45011	-0.62249	9.60554
											0.60813	-0.91937	9.79707
											1.14443	-0.86670	11.14740
											0.07661	-0.87149	10.68293
											0.05267	-0.54109	9.09318
											-0.12929	-0.32561	8.27436
											0.75178	-0.48363	10.27591
											1.16837	-0.56024	12.73236
											0.32082	-0.38786	12.43070
											-0.32561	0.07183	9.52413
											-0.53151	0.31603	8.57603
											0.35434	0.27773	9.96946
											0.66559	-0.10056	10.85531
											0.63207	-0.29209	10.85531
											0.85234	-0.29688	10.21845
											0.54588	-0.19154	11.03248
											0.17717	-0.14365	11.54005
											-0.18196	0.08619	9.92157
>	11:09:43	51.131482	17.038557	115.70	14	20	22	0.02	12.30	27.20	0.19154	-0.62728	8.44196
											0.11492	-0.90501	9.35654
											0.69911	-0.86191	10.37168
											0.59855	-0.62728	11.81299
											0.22984	-0.44053	10.74518
											-0.12929	-0.25379	9.29429
											-0.52194	-0.23942	10.30464
											0.11013	-0.43096	10.76912
											0.46926	-0.39265	11.59751
											0.32082	-0.03352	9.67736
											0.57940	0.28252	9.19373
											1.23541	0.34955	10.80264
											1.61848	0.26815	11.76511
											0.74699	0.24421	10.90798
											0.32561	0.50757	9.11233
											0.34955	0.63686	9.21768
											0.58897	0.61770	11.15219
											0.50278	0.41659	10.48660
											0.51236	0.39744	9.87848
											-0.35913	0.25857	9.04051
											-0.16281	0.18675	9.35654
											-0.34477	0.05746	8.90643
											0.49321	-0.17717	10.93192
											0.58897	-0.38307	11.80820
											0.21069	-0.45969	10.63026
											0.00000	-0.34955	9.27993
>	11:09:44	51.131495	17.038622	115.80	14	20	22	0.02	12.30	27.20	0.28252	-0.58419	9.78750
											0.76614	-0.45490	11.47301
											0.39265	-0.41180	9.77792
											0.80445	-0.14844	9.67257
											1.10133	-0.38786	10.57758
											1.29287	-0.64165	11.95664
											0.53630	-0.74220	10.88883
											-0.34477	-0.57461	7.67581
											0.49799	-0.43096	8.66222
											1.32160	-0.11013	12.00453
											0.68474	0.34955	10.68772
											0.12450	0.49799	9.37091
											-0.88107	0.49799	8.31746
											0.37350	0.47884	9.94073
											0.01437	0.36871	11.07079
											0.76136	0.12450	12.55519
											-0.26815	-0.16281	10.89362
											-0.24421	-0.24421	9.74440
											-0.12450	-0.37350	9.45710
											0.26815	-0.16759	10.59195
											0.00000	-0.09577	10.56322
											0.00000	-0.16281	8.79151
											0.63686	-0.33040	9.84975
											1.04387	-0.26336	11.90397
											0.70390	-0.12450	12.29183
											0.52194	0.10056	10.92235
>	11:09:45	51.131513	17.038689	115.90	14	18	21	0.02	12.30	27.30	-0.67038	0.48842	9.09797
											-0.55545	0.47884	9.47625
											-0.74699	0.21548	8.71489
											0.09098	-0.14844	10.18015
											0.56503	-0.37350	12.25831
											0.26336	-0.49321	11.32457
											-0.12929	-0.56503	8.85855
											-0.06225	-0.36871	9.06445
											0.19154	-0.24900	10.46266
											0.89543	-0.32561	12.67969
											0.11971	-0.31603	10.64462
											0.66559	-0.31125	9.48104
											0.83797	-0.18196	9.92636
											1.24020	-0.07183	10.77391
											0.49799	-0.15323	10.87446
											-0.03831	-0.34477	9.33739
											0.83318	-0.52672	9.87369
											0.90022	-1.01035	11.42513
											0.33998	-1.19710	10.80743
											-0.28252	-1.26893	9.84975
											-0.53151	-1.15879	7.98227
											0.10534	-0.86670	8.48026
											0.67516	-0.74699	10.40999
											1.21147	-0.44053	12.10030
											0.52672	-0.20590	11.04685
											-0.20590	0.10534	10.30464
>	11:09:46	51.131530	17.038756	116.20	14	18	21	0.02	12.30	27.30	-0.01437	0.01915	10.95108
											0.44532	0.11013	11.05163
											-0.25379	0.18675	10.54406
											0.38307	0.33998	9.51935
											0.72784	0.33998	9.77792
											1.43173	0.33040	11.15698
											1.48919	0.00000	11.96143
											0.48363	-0.37828	11.35809
											-0.41659	-0.56024	7.83862
											0.11492	-0.56982	8.64307
											0.50278	-0.79009	11.48738
											0.09098	-0.67516	10.56801
											0.09577	-0.31125	8.71489
											-0.07183	-0.32082	8.81545
											0.36392	-0.49321	10.29986
											1.14443	-0.40223	11.45865
											0.32561	-0.27773	11.31021
											-0.20111	0.09577	10.57758
											-0.25857	0.36392	9.57202
											0.25379	0.25379	9.61511
											0.78051	-0.18196	10.83137
											0.49799	-0.52672	11.28148
											0.57461	-0.53630	9.73004
											0.37350	-0.50278	8.67180
											1.17316	-0.35434	10.78348
											0.67038	-0.17238	12.23437
>	11:09:47	51.131550	17.038826	116.90	14	18	21	0.02	12.30	27.40	-0.15802	-1.45567	8.49463
											-0.26336	-1.67594	8.35576
											-0.18675	-1.95846	11.36288
											0.05267	-1.69509	10.71166
											0.08140	-1.18274	8.90164
											-0.92416	-1.35512	7.81946
											0.38786	-1.15401	8.69095
											0.84276	-0.91937	10.21845
											1.13485	-0.56982	13.09149
											0.58419	-0.26336	11.65019
											1.06781	0.30167	10.80743
											0.44053	0.43096	10.18493
											0.62249	0.45490	11.54005
											0.34477	0.20590	9.86411
											1.22583	0.22505	8.93995
											-5.82749	-9.12191	-5.82749
											0.80924	0.38786	12.70363
											-0.17717	0.44532	11.55442
											-0.67516	0.61770	8.84897
											-0.55067	0.76614	7.69496
											-0.71347	0.44532	8.50420
											0.30646	0.06704	11.21923
											0.56024	-0.21069	11.74595
											0.03352	-0.33998	10.84095
											-0.44053	-0.52672	8.58082
											0.43096	-0.74220	9.52413
>	11:09:48	51.131570	17.038897	117.40	14	20	21	0.02	12.20	27.30	0.37350	0.19632	9.79228
											1.17795	0.00000	12.71800
											0.11492	-0.15802	10.74997
											0.73741	-0.13408	10.10353
											0.33998	-0.08619	10.24239
											0.38307	-0.00479	10.98460
											0.25857	-0.22505	11.21923
											-0.46926	-0.36392	9.53850
											-0.05267	-0.30167	8.68138
											-0.12450	-0.45969	10.12747
											0.45011	-0.64165	10.50097
											0.00000	-0.81403	9.43316
											0.66080	-0.63207	9.98861
											0.57461	-0.58897	9.28950
											0.94332	-0.50278	10.77391
											0.91459	-0.49321	11.77947
											0.12929	-0.45969	11.52090
											-0.09577	-0.62249	9.74440
											0.43574	-0.48842	8.84897
											1.03430	-0.14365	10.06044
											1.07260	0.00000	11.30063
											0.41659	0.11971	9.55287
											0.53630	0.24421	8.47547
											-0.03831	-0.01437	9.32781
											0.44053	-0.39265	11.82257
											0.45969	-0.64643	12.33493
>	11:09:49	51.131585	17.038963	117.40	14	20	21	0.02	12.20	27.30	-0.46448	0.06704	9.40921
											-0.56503	-0.06225	9.50019
											0.22027	-0.16281	10.70687
											0.20111	-0.62728	10.52970
											0.41659	-0.43574	10.71645
											0.00958	-0.41180	9.51935
											-0.05267	-0.58897	9.22725
											0.76136	-0.79966	10.49618
											0.51715	-0.83797	10.35732
											0.84276	-0.56982	9.18895
											0.59376	-0.18675	7.98706
											1.49398	0.27294	9.61033
											1.84832	-0.00479	13.23994
											0.55545	-0.32561	11.77468
											-0.21069	-0.36392	7.80989
											0.08619	-0.43096	8.95431
											0.93853	-0.72305	12.37802
											0.58897	-0.90022	11.54005
											-0.38307	-0.38307	9.47146
											-0.49799	-0.22505	8.38928
											0.94810	-0.32082	11.55442
											0.26815	-0.55067	10.85531
											-0.26815	-0.27773	9.65821
											-0.10534	-0.27773	9.46189
											0.44532	-0.34477	9.31823
											0.80924	-0.39265	10.44830
>	11:09:50	51.131599	17.039026	117.40	14	20	21	0.02	12.20	27.40	0.71347	-0.74699	9.37091
											0.63686	-0.15323	10.91277
											0.41180	0.64643	9.74919
											1.43652	1.08697	10.41957
											0.93374	1.05345	11.78426
											0.54109	0.71826	11.69328
											-0.47405	0.14844	7.86735
											0.50757	-0.50757	8.83939
											0.39265	-0.97205	9.93115
											1.58496	-0.94810	12.42112
											1.00556	-0.87628	11.21923
											-0.83318	-0.36392	8.85855
											-0.39265	-0.41659	8.99741
											0.30167	-0.64165	10.45787
											0.12929	-0.22984	10.37647
											0.36871	-0.02394	11.18571
											0.27773	0.14365	10.73081
											0.52194	-0.20590	10.15620
											0.99120	-0.63207	11.47780
											0.02394	-0.61292	11.19050
											-0.19632	-0.33519	9.82580
											0.44532	0.02394	8.67659
											1.50835	0.15323	10.23282
											1.38385	0.08140	11.87524
											0.44053	0.00479	10.68293
											-0.81882	0.06225	7.43639
>	11:09:51	51.131617	17.039091	117.40	14	18	20	0.02	12.20	27.40	-0.24900	-0.04788	9.32302
											0.31603	0.19632	9.05008
											0.73741	0.41659	11.70765
											-0.04788	0.51715	10.58716
											0.05267	0.39265	10.20409
											-0.18675	-0.11971	9.07881
											0.16281	-0.67038	9.24162
											-0.25857	-0.94332	9.98382
											0.14365	-0.80445	11.17613
											0.50278	-0.49799	11.05642
											1.00556	-0.48363	10.46266
											1.04866	-0.28252	10.35732
											0.90980	0.11492	10.34295
											0.79487	0.60334	10.64941
											-0.33519	1.01514	8.40844
											0.55067	0.65122	9.87848
											0.85234	0.11971	12.35408
											0.34477	-0.47884	12.76110
											-0.82839	-0.75178	9.89763
											-1.04387	-0.97683	8.50420
											-0.24421	-1.00556	10.32380
											0.30646	-0.85234	11.81778
											0.20111	-0.53151	10.91277
											-0.22027	-0.20590	8.93516
											0.14365	-0.02873	7.24007
											0.98162	-0.04310	8.23605
>	11:09:52	51.131633	17.039148	117.40	14	18	20	0.02	12.20	27.40	0.68953	0.01437	9.35175
											0.59376	0.08619	11.27669
											0.53630	0.26336	10.03649
											1.01035	0.30167	10.15141
											0.50278	0.12929	11.78905
											-0.71826	0.16759	9.51935
											-0.68474	-0.45490	7.32626
											0.73741	-0.71826	10.85052
											0.54588	-0.90022	12.53125
											-0.13886	-0.99599	11.02769
											-0.66559	-0.97683	7.13472
											0.46448	-0.61770	8.92080
											0.73263	-0.20111	11.32457
											0.64643	0.12450	10.30464
											0.69911	0.35434	10.51055
											1.10612	0.11013	10.94629
											0.55067	0.12450	10.00297
											0.61292	0.03352	10.92235
											0.11971	-0.04788	11.66934
											0.26815	0.11492	10.28549
											0.58419	0.02394	9.03093
											0.27294	-0.03352	9.36612
											0.52672	-0.34477	10.97502
											-0.28730	-0.52672	10.74039
											-0.48363	-0.65601	8.75320
											0.28730	-0.61292	9.58638
>	11:09:53	51.131654	17.039220	117.50	14	18	20	0.02	12.10	27.40	0.56024	-0.14844	11.64540
											0.52194	-0.10056	10.60153
											-0.16759	0.14844	8.94474
											0.89064	0.23942	10.45308
											0.85234	0.15323	12.32535
											0.15802	-0.18196	9.57681
											0.42138	-0.42138	9.32781
											0.31125	-0.47884	10.02213
											0.98641	-0.42138	10.11311
											0.67038	-0.25379	10.55843
											0.73263	-0.40701	12.01889
											0.49799	-0.55067	10.61110
											0.10534	-0.78530	9.02135
											0.05267	-1.12049	9.75877
											0.06704	-1.13485	10.14663
											0.23463	-0.90980	10.01255
											0.25857	-0.60334	9.63906
											0.44532	-0.47884	11.92791
											-0.01437	-0.31603	10.73081
											0.00000	0.08619	9.51935
											0.14844	0.28730	9.52892
											0.26336	0.67995	9.42358
											1.46525	0.88107	12.06678
											0.81882	0.61770	11.32936
											1.07739	0.36871	9.69652
											0.47405	-0.09098	9.21768
>	11:09:54	51.131672	17.039284	117.30	15	20	20	0.02	12.10	27.40	0.20111	-1.20189	10.28070
											-0.21069	-1.28808	8.06846
											-0.11971	-1.04387	9.13148
											0.33519	-0.74699	12.06678
											0.12450	-0.31125	10.72124
											-0.14844	0.15323	9.29908
											0.59855	0.19632	10.29028
											0.90022	0.00479	11.80341
											0.51236	-0.23463	12.12903
											-0.29688	-0.50757	9.02614
											0.79966	-0.77093	8.70053
											1.43652	-1.01993	10.23282
											1.10612	-1.06303	11.51132
											-0.12929	-1.02472	11.44428
											-0.79009	-0.63686	8.25042
											0.48842	-0.22027	7.40287
											1.10133	0.24421	10.39562
											1.34075	0.30167	13.06755
											0.25857	0.19154	11.23838
											0.06225	0.57940	9.20331
											-0.30646	0.71347	9.06445
											0.18196	0.45011	11.51611
											-0.27773	0.22984	10.22803
											0.09098	0.26815	9.50498
											0.35913	0.26815	10.40041
											0.47884	0.35434	11.56399
>	11:09:55	51.131691	17.039351	117.10	15	20	20	0.02	12.10	27.50	-0.08619	-0.58419	11.21444
											-0.06225	-0.35913	8.76757
											1.17316	-0.30167	9.75877
											0.98641	-0.41180	11.90876
											0.66559	-0.23942	11.34852
											-0.23463	-0.00958	8.68616
											-0.11492	0.71826	7.82904
											0.05267	1.41737	9.53371
											0.85234	1.50356	11.86088
											0.88107	1.28329	11.17134
											0.08140	1.13964	9.16500
											-0.35434	0.58897	8.71968
											-0.51236	0.22505	8.81545
											0.45969	-0.32082	11.15219
											0.04788	-0.76614	12.34450
											-0.18196	-1.14443	10.48182
											0.01437	-1.47962	9.62469
											0.56982	-1.70467	11.13783
											0.46926	-1.99676	11.65976
											0.04310	-1.95367	9.86890
											0.13408	-1.85790	8.32224
											1.06303	-1.50835	10.38605
											0.91937	-1.00078	11.72680
											0.28730	-0.00958	10.53928
											-0.12929	0.75657	8.14507
											0.85234	1.47004	8.75320
>	11:09:56	51.131710	17.039416	116.90	15	20	20	0.02	12.10	27.50	1.21625	-0.32561	11.00375
											0.84755	-0.34955	12.21522
											0.32082	-0.41659	10.72124
											0.21548	-0.32561	9.88805
											-0.46448	-0.37828	10.08438
											-0.24900	-0.60334	10.77391
											-0.19154	-0.75657	11.27669
											-0.16759	-0.67516	10.28549
											-0.16281	-0.70868	10.44351
											-0.40223	-0.69432	10.74039
											0.16759	-0.18675	8.14029
											0.37828	0.23463	8.31267
											1.28808	0.14844	11.59272
											0.93853	-0.17238	12.24395
											1.10612	-0.14844	10.61589
											0.88107	0.22984	9.39485
											0.43574	0.28730	9.87369
											0.14365	0.06704	9.81144
											1.25935	-0.50757	10.17057
											1.11091	-0.93853	11.51611
											0.49799	-1.10133	11.27669
											-0.61292	-0.56024	8.61434
											-1.00556	-0.31603	8.35576
											0.27773	-0.23463	9.96467
											0.70390	-0.10534	12.16254
											-0.54109	-0.15323	10.04607
>	11:09:57	51.131728	17.039482	116.90	14	18	20	0.02	12.10	27.50	0.86670	-0.32561	9.71567
											1.38864	-0.08619	9.82580
											1.03430	-0.26815	10.94150
											-0.18196	-0.34477	10.50576
											-0.80445	-0.61770	9.18416
											-0.70868	-0.73741	8.20732
											0.17238	-0.87628	9.49540
											1.00556	-0.73263	11.60709
											0.53630	-0.53151	11.54963
											-0.31125	-0.01915	10.03170
											-0.26336	0.25857	9.24162
											0.65601	0.39265	9.57681
											1.11091	0.56503	11.56878
											0.45490	0.49799	10.25676
											0.58419	0.78051	9.25119
											0.94332	0.54588	10.04128
											1.25456	0.18196	11.57836
											0.92895	-0.15323	11.71722
											0.05267	-0.47405	10.38605
											0.14365	-0.54588	9.44273
											-0.02394	-0.49321	10.12268
											-0.30167	-0.03352	10.97023
											-0.38307	0.41659	10.89841
											-0.96247	0.85234	9.74440
											-0.52672	0.93374	8.05888
											0.12929	0.76614	9.04529
>	11:09:58	51.131747	17.039548	116.90	14	18	20	0.02	12.00	27.60	0.76614	-0.08619	11.79863
											-0.40223	0.41180	10.15141
											-0.12929	0.75657	7.90565
											0.38307	0.57940	9.90721
											0.56982	0.29209	11.88482
											0.39265	0.09577	11.65976
											0.31603	0.02394	9.79707
											0.32082	0.00958	9.80665
											0.61292	-0.12450	11.23359
											0.91937	-0.39744	11.91834
											-0.05267	-0.53151	10.32380
											0.00958	-0.23463	8.82024
											0.52672	0.21548	10.16099
											0.32561	0.63686	11.02769
											0.14844	0.76614	10.47224
											-0.40701	0.44053	9.35175
											-0.51236	-0.03831	7.97748
											0.64643	-0.51715	9.67257
											1.21147	-0.72784	12.74194
											-0.16759	-0.70390	11.49696
											-0.45969	-0.52672	9.16500
											0.13408	-0.42138	8.91122
											0.93374	-0.39744	10.11790
											0.93853	-0.36392	12.70842
											-0.17238	-0.37828	10.97023
											-0.02394	-0.07183	8.91601
>	11:09:59	51.131766	17.039612	116.80	14	18	20	0.02	12.00	27.60	0.90501	-0.26815	11.08037
											1.07260	-0.42138	12.48816
											0.22027	-0.09098	10.66856
											-0.14844	0.15802	7.86256
											0.26815	0.30646	9.07402
											0.47884	0.40701	11.01333
											0.30167	0.65601	9.77313
											0.24421	0.92895	9.94073
											0.19632	0.89064	9.65342
											0.24900	0.73741	10.19930
											0.14365	0.48842	10.79306
											-0.19632	0.11013	10.61110
											-0.23463	-0.11971	9.52892
											0.30167	-0.56982	9.61511
											0.42138	-1.04387	10.35732
											0.53151	-1.56102	11.75074
											0.44053	-1.69988	11.55921
											0.11971	-1.70467	9.52892
											0.23942	-1.25935	10.24718
											0.67038	-0.80445	10.29507
											0.89543	-0.40701	10.89841
											0.30167	-0.13886	10.30464
											0.04310	0.34477	8.63349
											1.03908	0.28730	11.36288
											0.21069	-0.21548	11.03727
											0.07183	-0.11492	8.71489
