>	11:26:01	51.130254	17.037208	119.40	19	32	36	0.01	5.10	41.70	0.40701	-0.38307	10.40041
											0.42617	-0.35913	10.39084
											0.40701	-0.35434	10.39084
											0.38786	-0.38786	10.37168
											0.39265	-0.36392	10.36211
											0.40701	-0.32561	10.37647
											0.41180	-0.28730	10.38126
											0.39744	-0.28252	10.37647
											0.37828	-0.26336	10.36689
											0.38786	-0.27773	10.37168
											0.41180	-0.29209	10.38605
											0.42617	-0.29688	10.39562
											0.41659	-0.34477	10.39084
											0.41180	-0.41659	10.39084
											0.42138	-0.44053	10.39084
											0.41180	-0.44532	10.35732
											0.39265	-0.36392	10.35253
											0.38307	-0.27773	10.36211
											0.39265	-0.26336	10.38126
											0.41180	-0.26336	10.39562
											0.45490	-0.28730	10.41478
											0.45011	-0.32561	10.39084
											0.41180	-0.35434	10.39562
											0.40701	-0.36871	10.35253
											0.41659	-0.35913	10.37647
											0.42138	-0.26815	10.36689
>	11:26:02	51.130249	17.037203	120.30	18	31	36	0.01	5.10	41.70	0.38786	-0.18196	10.38126
											0.38307	-0.25379	10.39084
											0.43574	-0.34955	10.40999
											0.45490	-0.41180	10.38605
											0.43096	-0.39265	10.36689
											0.39265	-0.33519	10.37168
											0.38786	-0.29688	10.37168
											0.41180	-0.27294	10.38605
											0.43096	-0.25857	10.39562
											0.42617	-0.27294	10.40041
											0.40223	-0.26336	10.40520
											0.38307	-0.22027	10.38605
											0.38786	-0.21069	10.38126
											0.40223	-0.22984	10.38126
											0.40223	-0.22505	10.39084
											0.39744	-0.20590	10.38605
											0.38786	-0.21069	10.39562
											0.38307	-0.20590	10.38605
											0.39265	-0.22027	10.37647
											0.40223	-0.21069	10.38126
											0.39265	-0.22984	10.36689
											0.40701	-0.25379	10.39084
											0.41659	-0.25379	10.38605
											0.42138	-0.24900	10.38605
											0.42138	-0.26815	10.38605
											0.40223	-0.25379	10.37647
>	11:26:03	51.130248	17.037204	120.30	18	31	36	0.01	5.10	41.60	0.48363	-0.21548	10.40041
											0.59855	-0.20111	10.49139
											0.61770	-0.22027	10.31901
											0.95289	-0.39265	10.52491
											0.61770	-0.13886	10.29507
											0.07661	-0.02394	10.38605
											-0.24421	-0.59855	10.27591
											-0.63686	-0.79009	10.24239
											-0.62728	-0.34955	10.53449
											-0.87628	-0.03831	10.59674
											-0.60813	-0.13408	10.37647
											-0.67516	-0.43574	10.46266
											-0.85234	-0.88585	10.50576
											-1.10612	-1.23062	10.39562
											-1.01035	-1.09176	10.35253
											-1.16837	-0.91937	10.16099
											-1.03430	-0.66080	10.27112
											-0.33040	-0.39265	10.08438
											-0.42138	0.05746	10.22803
											-1.09654	0.48842	10.11311
											-1.28808	0.87628	10.49139
											-1.27372	0.84276	10.75954
											-1.45089	0.66559	10.28549
											-1.84832	0.93853	10.51533
											-1.74298	0.76614	9.67257
											-2.09253	0.75178	10.40999
>	11:26:04	51.130247	17.037205	120.30	18	31	36	0.01	5.10	41.60	-0.29209	-0.62249	9.70609
											-1.10612	-0.31125	10.48660
											-1.91057	0.17238	10.18493
											-1.43173	0.15323	10.27591
											-1.35512	0.04310	9.65821
											-1.02472	-0.23942	10.29028
											-0.62728	-0.04310	11.04685
											-0.47884	-0.03831	9.77792
											-0.70390	0.26336	9.68694
											-0.43096	-0.08140	10.18493
											0.24421	0.40223	10.68293
											-0.72784	0.91459	7.67102
											0.31603	0.67038	15.58146
											-3.69665	0.24900	9.20810
											1.71425	0.52194	10.34774
											1.93930	1.09654	11.99974
											1.35512	0.26336	11.30063
											2.54264	-0.43574	11.98059
											1.85311	-0.08140	11.28627
											0.31603	0.67995	10.29986
											-0.89064	0.75178	9.80186
											-1.64242	0.37350	8.07325
											-0.42138	-0.71826	13.13938
											-1.29766	-0.50757	9.43794
											0.04788	0.42138	11.71722
											-0.55545	0.68474	11.19050
>	11:26:05	51.130241	17.037203	120.10	18	29	32	0.01	5.10	41.70	-2.60968	-0.50757	9.53371
											-1.56102	-1.17795	10.28549
											-0.43574	-1.36469	10.33816
											0.15323	-1.30245	10.02692
											0.76614	-1.16837	10.42435
											-0.14844	-0.77093	9.92157
											0.77572	-0.75657	11.09952
											0.71826	0.21548	11.09473
											-0.78530	0.69911	10.86968
											0.20111	0.63686	10.85531
											0.18675	-0.16281	10.53928
											-0.00479	0.00000	9.54329
											0.63686	0.30646	10.38605
											1.17316	-0.06704	11.14261
											0.41180	-1.34554	13.31176
											-1.87705	-1.28329	7.09163
											-0.94810	-0.44053	9.47625
											-0.56024	0.05746	11.08515
											-0.57940	0.65122	9.40442
											-0.53630	0.76136	10.09874
											-1.24977	1.01035	9.77313
											-1.98240	1.73340	10.14663
											-2.04944	2.73897	10.02692
											-0.73263	2.70545	10.31901
											0.48363	1.55144	11.51611
											0.83318	-0.45490	9.70609
>	11:26:06	51.130226	17.037199	120.00	18	29	32	0.01	5.10	41.60	0.22984	-1.15879	11.32936
											-0.34477	-0.24900	9.74919
											-0.07661	0.60813	9.71088
											-0.78530	1.32639	9.78271
											-1.15879	1.44610	9.84975
											-1.83875	1.05345	9.05966
											-0.55067	0.16281	13.27345
											-3.41892	-0.47884	11.16177
											-2.03028	-0.90980	8.77236
											-0.76614	-0.86191	12.68927
											-0.01915	-0.33998	9.78750
											1.21625	-0.27294	11.37725
											1.15879	0.49799	10.11311
											0.80924	0.99120	9.57202
											2.18351	0.79487	13.48893
											-0.86670	-0.06704	10.74518
											-2.32238	-1.60412	2.50433
											2.73418	-1.47483	15.87356
											-1.00556	0.12929	10.42435
											-1.09176	0.47884	9.69652
											0.18196	0.74220	11.44428
											-0.36392	1.31202	10.95108
											-0.53151	1.94409	10.46745
											-0.12450	1.22583	12.10508
											-0.39744	0.52194	10.01734
											1.77171	-1.32160	10.72124
>	11:26:07	51.130204	17.037194	120.00	18	29	32	0.01	5.10	41.60	1.13964	-0.21069	9.48583
											1.95367	0.33998	14.31733
											-0.71826	0.16281	10.80743
											-1.79565	0.00479	7.46033
											-0.81882	-0.39744	10.61110
											-1.11091	-0.83797	10.29028
											-0.82839	-1.31681	10.19451
											-0.08619	-1.36469	9.49540
											1.43652	-1.28808	11.61667
											1.38864	-0.89543	11.59272
											-1.14443	-0.23942	9.13148
											2.26013	0.46926	10.71645
											0.65122	0.45490	11.41555
											-0.37350	-0.50757	9.19373
											0.45011	-1.26414	10.46266
											-0.34955	-0.97683	10.02213
											-0.08619	-0.52194	9.97903
											-0.21069	-0.19154	11.59272
											-0.80924	0.43096	9.97424
											-1.24020	0.96247	8.82503
											0.42617	0.80445	11.84172
											0.09577	0.56982	7.85298
											1.87227	-0.16759	10.20409
											0.46926	-0.27773	11.07079
											0.88585	-0.56503	10.57758
											2.19309	-0.10534	15.30853
>	11:26:08	51.130171	17.037192	119.80	16	28	29	0.01	5.10	41.60	-0.16281	-2.71024	14.03002
											-0.67995	-2.53785	7.80031
											3.04542	-1.44610	11.77468
											1.56581	-0.29688	11.54963
											1.18752	0.22505	8.70053
											0.65122	-0.58419	9.60075
											-0.09098	-1.33118	8.81545
											0.86191	-1.08697	10.64462
											1.10133	-0.60813	10.62547
											0.40701	-0.32082	10.24239
											0.00479	-0.56024	10.83137
											0.35434	-1.01035	10.09874
											0.07183	-1.28808	9.27514
											0.49321	-0.95768	8.68616
											1.01993	-0.88585	10.61589
											0.42138	-0.80445	15.10262
											-1.70467	0.43574	5.37259
											0.79009	0.42617	11.34852
											1.93451	0.60813	11.57836
											1.64242	0.07661	9.16979
											1.55144	-1.03908	9.76834
											-0.41180	-1.75734	11.06600
											-0.77572	-2.06859	11.66934
											-0.92895	-1.66636	10.44830
											4.08451	-0.32082	14.04439
											-1.07260	-0.25857	15.11699
>	11:26:09	51.130132	17.037180	119.90	16	28	29	0.01	5.10	41.60	3.67271	-1.47004	14.40352
											0.47884	-2.60968	15.58625
											-0.46926	-1.43652	14.14494
											2.83952	-1.89621	12.97657
											0.95289	-1.00078	7.29753
											1.66158	-0.32561	7.71412
											1.83396	-0.39744	9.98861
											-1.74298	-0.22984	8.91122
											1.07739	0.55545	10.33337
											3.75890	1.40779	12.64139
											2.37984	1.39343	11.29106
											3.41892	1.35512	9.79707
											1.70946	1.65200	12.65096
											-0.14365	1.25935	10.87925
											-2.66235	1.58496	7.54652
											-0.13886	2.26013	14.07791
											0.92416	1.22583	11.74595
											0.69432	0.39265	5.47793
											3.37582	0.37350	12.73715
											2.47560	0.04788	10.80743
											1.55144	0.00958	9.12670
											0.84276	-0.05746	13.63737
											0.43574	0.78051	10.06522
											0.33040	0.71826	11.11388
											0.10056	0.01915	6.64152
											0.59376	-0.74699	14.14973
>	11:26:10	51.130094	17.037176	119.80	15	26	27	0.01	5.10	41.60	-0.04788	0.12450	8.08282
											1.18274	0.38786	11.40598
											0.20590	0.45011	10.12747
											-0.89064	-0.16759	10.39562
											-1.01514	-0.25857	10.23761
											-1.01514	-0.02873	11.79384
											-0.27294	-0.01915	10.03649
											0.85234	0.42138	7.98227
											1.13006	0.60813	10.76433
											1.03430	0.30646	11.82257
											-0.29209	0.20590	6.65588
											1.07260	0.43574	11.71243
											1.32639	0.43574	10.73560
											0.12929	0.16281	9.15064
											-0.69911	0.25857	10.37647
											-1.04866	0.14365	12.15297
											-1.15401	-0.04788	11.26232
											0.29688	-0.10056	9.45710
											0.56024	-0.37828	11.54484
											0.68953	-0.70868	9.64863
											1.22104	-0.58897	9.84975
											1.01514	-0.19154	10.42435
											1.22104	0.22984	10.80264
											0.73741	0.22027	12.40675
											-0.62728	0.13408	7.41245
											0.03352	-0.11492	10.97023
>	11:26:12	51.130055	17.037231	120.40	15	26	27	0.01	5.10	41.60	0.84276	0.04310	12.33972
											0.32561	0.41659	10.16099
											0.27294	0.18675	10.16099
											1.60412	-0.33519	12.29183
											-0.41180	-0.85712	8.15944
											-0.70390	-0.70868	10.48182
											0.57940	0.27773	11.00375
											-0.61292	0.43096	10.42914
											-0.47884	0.19632	9.36133
											1.07739	-0.53151	9.96467
											1.13485	-0.06704	11.80820
											0.42617	0.34955	9.08839
											1.23541	-0.36392	11.66934
											0.54109	-0.37350	10.28070
											0.94810	-0.52194	11.21923
											-0.87628	-0.66559	8.93516
											0.25857	-0.97683	12.07635
											-0.97683	-0.59376	9.60554
											0.00000	-0.44053	9.83538
											0.01915	-0.49321	11.61667
											-0.06225	-0.47884	10.26634
											-0.01915	-0.11492	8.88249
											1.26414	-0.19632	11.85130
											0.11971	0.16759	9.08839
											0.90980	0.57461	10.73560
											1.39343	0.51236	11.08994
>	11:26:14	51.130046	17.037309	119.70	14	25	26	0.01	5.10	41.70	0.46926	-0.47884	11.59272
											-0.79487	-0.19154	8.86812
											0.79009	-0.45490	10.57279
											1.09176	-0.58419	11.48738
											0.91459	-0.27294	9.00220
											0.81882	0.11971	9.99819
											0.50278	0.13408	11.42992
											-0.34477	-0.20590	9.00699
											0.26336	-0.42138	10.54406
											-0.10056	-0.53630	11.34852
											-0.47405	-0.18196	9.74919
											0.84755	0.25379	11.82736
											0.86670	0.04310	9.92157
											0.79009	-0.39744	10.86968
											-5.82749	-9.12191	-5.82749
											0.81882	-0.31603	10.56322
											1.08697	-0.67995	10.29028
											-0.02873	-1.01514	10.28549
											-0.87149	-0.85712	9.73482
											-0.98641	-0.40223	10.69729
											-0.73741	-0.34477	9.72525
											0.76614	-0.41659	10.47224
											1.94409	-0.34955	11.22881
											1.36948	0.34955	9.48583
											1.37427	-0.00479	10.55843
											1.02472	-0.70868	11.20965
>	11:26:15	51.130034	17.037345	120.10	14	24	25	0.01	5.10	41.70	0.47405	0.56024	10.46745
											1.45567	0.71826	9.10275
											1.40300	0.67038	9.65342
											2.06380	0.40701	12.15297
											0.50278	-0.34955	9.49062
											0.30646	-1.58017	10.62547
											-0.06225	-2.08296	11.43950
											-0.72784	-1.69509	10.09395
											-1.07739	-1.22104	9.70131
											0.23942	-1.09176	9.57202
											0.07661	-0.85712	10.51533
											1.43173	-0.74699	11.63582
											1.13485	-0.12929	10.66377
											1.08697	-0.59376	9.68215
											0.29688	-0.38786	9.86890
											1.82438	0.35913	10.78348
											0.10056	0.59855	11.47301
											-0.59376	0.43574	9.01656
											0.54588	0.47405	11.40598
											-1.05345	0.40701	10.70687
											0.02394	0.42138	8.71968
											2.66714	-0.31603	14.21677
											0.17717	-0.48363	8.90164
											2.10690	0.10534	10.06522
											1.47962	0.16281	12.39239
											-0.96247	-0.02394	9.31344
>	11:26:17	51.130034	17.037430	120.20	15	24	25	0.01	5.10	41.70	0.39265	-0.47405	11.51132
											0.25379	-0.73741	10.37168
											1.73819	-0.67516	9.82102
											2.28407	-0.76614	9.24641
											0.97683	-0.96247	14.24550
											-0.23942	-0.07183	5.51145
											-0.71826	-0.22984	12.61265
											-0.18196	-0.11971	11.04685
											-0.53151	0.23942	11.01812
											-1.40779	1.02951	10.04607
											-0.16281	0.53630	13.40274
											0.74220	0.56503	10.39562
											1.78129	0.00958	11.26711
											1.14922	-0.15323	10.11790
											1.21147	-0.16281	10.27591
											1.32639	0.19632	10.21366
											0.23942	0.19632	13.92947
											-0.88107	0.72305	5.70299
											0.36392	-0.61292	12.06199
											0.04788	-1.23062	10.03649
											0.43096	-2.05422	10.13226
											0.24900	-1.35991	7.49385
											2.26013	-1.08697	11.51132
											2.18830	-0.53630	11.01812
											-0.28252	-0.32561	7.93917
											1.53708	-0.66559	12.89996
>	11:26:18	51.130027	17.037471	120.20	15	24	25	0.01	5.10	41.80	0.89064	0.12450	9.56244
											1.23541	-0.10056	10.30943
											0.51236	-0.90022	11.66455
											-0.31603	-0.75178	8.70053
											-0.02394	-0.21548	9.38527
											0.40701	0.00958	11.43950
											0.04310	0.08619	11.05642
											-0.18196	0.20590	9.99340
											0.61292	-0.28252	11.27669
											1.20189	0.06225	12.05241
											0.45969	0.15323	7.98227
											1.02951	-0.57940	12.12903
											0.19632	-0.34477	8.24563
											0.34955	-0.09577	11.29584
											0.30646	-0.19154	9.28471
											-0.56982	-0.58897	9.28950
											0.70390	-0.51236	10.15141
											0.33040	-0.36871	10.97023
											0.49799	-0.00479	9.49062
											0.11971	0.33040	8.50420
											1.47004	0.11013	12.13381
											-0.16281	-0.70868	9.95509
											0.52194	-0.12450	11.22881
											0.33519	1.14443	11.15698
											0.01915	1.25935	10.56322
											0.30167	0.28730	10.22803
>	11:26:20	51.130002	17.037598	119.50	16	27	27	0.01	5.10	41.80	-0.25857	-1.32160	10.30943
											-0.48363	-0.97683	10.09874
											0.41659	-0.57940	11.37246
											0.89064	-0.50278	11.91834
											0.54109	-0.18675	8.91122
											0.46448	0.12450	11.65976
											0.76136	-0.00958	10.58716
											1.19231	0.26336	9.39964
											0.07183	0.16759	11.07079
											-0.49799	0.33040	9.42837
											-0.38786	0.31603	9.66779
											0.65122	-0.22505	9.06924
											1.56581	-0.90022	13.19684
											0.40223	-0.68953	9.17937
											-0.11013	-0.45969	9.54329
											0.46448	-0.41180	11.47780
											-0.10534	-0.23463	9.67257
											1.08697	-0.31603	11.57836
											0.36871	-0.67516	11.28627
											0.96247	-0.81403	9.83538
											0.64165	-0.98162	12.29183
											-1.29766	-0.78530	8.68138
											-0.56982	0.00000	8.67180
											0.82361	0.61292	11.00375
											0.26815	0.86191	11.77947
											0.22027	1.21147	8.70053
>	11:26:21	51.129990	17.037656	119.40	16	27	27	0.01	5.10	41.80	0.89543	-0.11492	10.61110
											0.19154	0.07183	9.50019
											-0.14844	0.18675	11.20008
											-0.01437	0.16281	10.70208
											0.29209	0.22027	10.93192
											0.32082	-0.13408	10.52012
											0.52194	-0.58419	11.58315
											-0.10534	-0.96247	9.37091
											0.71826	-1.25456	11.30063
											-0.26336	-0.60334	9.56244
											0.93374	-0.31603	10.52491
											1.41258	-0.13408	10.31901
											0.51715	0.21069	10.30943
											-0.04788	0.33519	10.62547
											0.10056	0.51715	10.08917
											-0.19154	0.13408	9.15064
											0.79966	-0.73263	9.77792
											1.31681	-1.31202	12.23916
											-0.84276	-0.79487	9.08839
											0.53630	-0.91459	9.50019
											0.31603	-0.83318	13.08192
											0.61770	-0.32561	8.53772
											1.29766	-0.61292	12.16733
											0.90980	-0.77093	10.60153
											0.80924	-0.89064	9.79228
											-0.23463	-0.50278	11.18571
>	11:26:23	51.129977	17.037778	118.10	18	27	28	0.01	5.10	41.90	0.00958	0.78051	10.56322
											0.11013	0.54109	9.02135
											1.29287	0.11971	10.68772
											0.97205	-0.00479	10.16578
											1.06781	-0.05267	9.94551
											0.55545	-0.42138	11.43471
											0.09098	-0.72305	9.74919
											0.00000	-0.49799	8.89207
											0.22027	-0.45490	11.81778
											0.08619	-0.20590	10.38126
											0.07183	-0.37828	8.54730
											1.70946	-0.94810	13.68047
											-0.73741	-0.87149	8.07804
											1.93451	-0.63207	10.34774
											0.76614	-0.23463	12.48337
											0.07661	-0.01915	8.37492
											0.95768	0.18675	10.36689
											0.86191	0.00000	11.98537
											0.05267	-0.19632	9.63906
											0.27773	-0.25379	11.21923
											-0.22505	-0.06225	10.40041
											0.00958	-0.18196	9.13627
											0.61292	-0.36871	10.25197
											0.23942	-0.38786	11.49217
											0.30646	-0.08619	9.00699
											0.88585	0.25857	10.90798
>	11:26:24	51.129977	17.037837	117.80	18	27	28	0.01	5.10	41.90	0.47884	-0.64165	10.90319
											0.50278	-0.20111	10.19930
											0.68953	0.23463	10.01255
											0.91937	0.53151	9.36133
											0.77572	0.39265	11.23359
											0.78530	0.12450	9.51935
											1.06303	-0.14365	10.18972
											0.52194	-0.08619	11.58315
											-0.13408	0.19154	9.35654
											0.40701	-0.07661	11.11388
											-0.28252	-0.49799	10.29507
											-0.05267	-0.41180	9.16979
											0.41180	-0.33998	11.54484
											-0.13408	-0.39265	10.02213
											0.86670	-0.28252	9.39485
											1.36948	-0.62728	12.22958
											0.32561	-0.78530	9.01178
											1.36948	-0.82839	10.97981
											0.00479	-1.11091	11.39640
											-0.45011	-0.86191	8.02536
											0.58897	-0.41659	10.98939
											-0.04310	0.05746	11.95185
											-0.54109	0.45969	9.70609
											-0.22027	0.39265	10.44351
											1.16837	0.65122	11.21923
											1.02951	0.33040	9.87369
>	11:26:26	51.129954	17.037988	117.80	19	28	29	0.01	5.10	42.00	0.90501	0.37350	12.14339
											0.06704	0.56503	8.42280
											0.89543	0.10534	11.79384
											0.39744	-0.49321	11.60230
											-1.18274	-0.53151	9.35175
											0.25857	-1.10612	11.25754
											0.43574	-0.99120	10.54406
											0.50757	-0.66080	8.92080
											0.48842	-0.44532	10.16578
											0.84276	-0.15323	10.92235
											0.62728	0.31125	9.11233
											0.99120	0.13408	11.47301
											0.42617	-0.44053	10.86489
											0.00958	-0.18675	9.03572
											0.43574	0.20111	11.68849
											-0.56024	0.60813	10.06522
											-0.11971	0.97683	9.62948
											0.43096	0.79966	11.99974
											-0.42138	0.11013	8.12113
											1.64242	-0.47405	9.94551
											1.56581	-0.60334	12.68448
											1.06303	-0.59855	8.76757
											0.47884	-0.52194	10.74518
											-0.71347	-0.42138	11.03248
											-0.12929	-0.33519	10.01734
											-0.58419	-0.45969	11.51132
>	11:26:27	51.129946	17.038064	117.40	19	28	29	0.01	5.10	42.00	1.54187	-0.17238	10.99417
											0.74699	-0.30167	10.40999
											0.56503	-1.03430	9.75877
											0.35913	-1.70467	11.94228
											-0.70390	-1.17795	8.41323
											0.83318	-0.68953	11.05642
											-0.24421	-0.55067	12.29662
											-0.64165	0.31125	7.23528
											1.01993	0.59376	12.23916
											1.13006	0.54588	10.22324
											0.90022	0.22984	10.60631
											1.01993	-0.14365	11.38682
											0.43574	-0.33998	10.70208
											-0.31125	-0.24900	8.97826
											0.25379	-0.24421	12.15776
											-0.82839	-0.29688	8.89685
											0.50278	-0.39744	9.93115
											0.72305	-0.39744	12.03805
											-0.16281	-0.05267	8.56167
											1.44610	0.01915	11.44907
											1.26414	-0.38786	10.25676
											1.09176	-0.13408	10.02692
											1.12527	0.02394	10.76912
											-0.22984	-0.24900	8.86812
											-0.53630	-0.89064	10.47224
											0.13408	-0.86191	10.56322
>	11:26:27	51.129946	17.038064	117.80	19	29	32	0.01	5.10	42.00	-0.68474	0.30167	7.28316
											1.28329	-0.45490	11.15219
											1.50835	-0.55067	10.33337
											0.04310	-0.31603	8.73405
											1.30723	-0.15802	10.04607
											0.88585	-0.01437	10.97502
											0.04788	0.12450	10.58237
											0.15323	-0.02873	10.34295
											-0.72305	-0.05746	10.59195
											-0.19632	0.01437	10.63983
											-0.02873	0.18196	10.52970
											0.18675	-0.04788	10.21845
											0.84755	-0.54109	9.40921
											1.73340	-0.49321	10.78827
											0.77093	-0.09577	8.76278
											1.44610	-0.31125	10.77391
											0.48363	-0.61770	10.53449
											-0.04788	-0.61292	11.26232
											1.02472	-0.45011	10.63026
											-0.64165	-0.37350	9.44752
											0.46448	-0.67516	10.58237
											-0.41659	-1.26893	12.09551
											0.44053	-0.58897	7.90087
											1.23062	-0.86191	12.60787
											1.26414	-0.74220	12.39718
											0.45969	-0.30167	5.79397
>	11:26:30	51.129918	17.038279	117.90	19	29	32	0.01	5.10	42.00	-0.22984	0.25379	10.91756
											0.10056	0.35913	10.38126
											0.74699	0.53151	9.68694
											0.99120	0.34955	10.89841
											1.07739	0.37828	9.83059
											0.71826	0.31603	8.01579
											1.34075	-0.21069	11.88482
											0.45490	-0.63686	10.91277
											-0.52672	-0.72784	9.12670
											0.02394	-0.83318	10.58716
											-0.27294	-1.00556	10.84573
											0.21069	-1.10612	10.32380
											0.39744	-0.62249	11.82257
											0.38786	-0.10056	9.32302
											1.36948	-0.24421	11.70765
											1.17795	-0.28730	10.25197
											0.36392	-0.03352	8.84418
											0.89064	0.03831	10.50576
											-0.10534	-0.07661	10.47224
											-0.10056	-0.08619	8.73884
											0.71347	-0.04788	12.16254
											-0.71347	0.01915	9.95988
											0.58419	-0.00479	10.68772
											0.36871	-0.19154	11.78905
											0.68953	-0.25857	7.82425
											1.44131	-0.11013	10.56801
>	11:26:31	51.129907	17.038362	117.60	20	31	32	0.01	5.10	42.10	0.08619	-0.12450	11.87045
											-0.38307	-0.35913	9.22246
											0.03352	-0.62728	11.60230
											-0.49799	-0.00479	8.91601
											0.88107	0.30646	10.93192
											0.82839	0.17717	11.30063
											1.04387	0.10534	9.35654
											1.92494	0.13408	11.69328
											0.11971	-0.27294	12.01889
											0.81403	-0.13408	7.80510
											-1.32160	-0.43574	11.63103
											-0.76136	-0.74220	8.78193
											-0.14844	-0.50757	11.17613
											-0.98641	0.00958	7.99185
											2.08774	-0.11971	12.74194
											0.48363	-0.72305	11.83693
											1.39821	-1.12049	10.07480
											2.16915	-0.96726	10.57758
											1.90578	0.04788	11.79863
											0.54588	1.41737	5.52103
											-0.33519	0.10534	8.30309
											-0.19632	0.16281	7.32626
											0.42617	0.68474	13.91031
											0.34955	-0.27294	10.65899
											-0.17717	0.11013	9.63906
											1.09176	1.01035	6.78517
>	11:26:32	51.129894	17.038438	117.60	20	31	32	0.01	5.10	42.10	0.65601	0.31125	8.90643
											0.01437	-0.69432	11.48259
											0.32561	-0.19154	6.69419
											1.99198	-0.69911	13.70920
											-0.59855	0.85234	8.00621
											1.89142	0.49321	15.17924
											-0.67038	0.05746	10.10353
											-0.05267	0.27294	7.72369
											1.65200	-1.54187	12.58392
											0.71347	-0.25857	11.06600
											-1.19710	-0.83797	6.90967
											1.14443	-0.04788	15.66766
											0.28252	-0.12929	8.47069
											-0.25857	-0.58897	10.63504
											0.21548	0.64165	9.61990
											-1.18752	1.99676	8.32703
											2.31759	-0.19154	12.87602
											-0.40223	-0.36871	9.11712
											1.51314	0.72784	13.36443
											0.19632	-0.22027	10.26634
											-0.08619	-0.78530	8.45632
											2.88741	0.07661	12.67012
											-0.89543	0.18196	8.69095
											1.09176	-0.06704	10.65420
											0.58419	-0.59855	11.19529
											-0.64643	0.79487	9.06445
>	11:26:34	51.129877	17.038599	117.20	20	31	32	0.01	5.10	42.10	2.82516	-0.01437	11.92312
											-0.17717	-0.80924	7.79552
											1.94888	-0.18196	13.17290
											-1.12049	-0.94810	5.00388
											1.21147	-0.60813	12.27268
											0.56982	-0.17717	7.49385
											0.55545	-0.54109	10.80743
											2.91614	-1.48919	12.78025
											-2.09253	-1.44131	6.68461
											3.86903	0.12929	14.54717
											0.94332	-2.08296	6.88094
											1.21147	-0.25857	9.82102
											-0.09577	-1.02951	11.11867
											1.34554	-0.90501	10.97981
											0.09098	-1.39821	9.17458
											-0.91937	-0.42138	10.30464
											1.36948	-0.06225	11.71722
											-0.01915	0.38307	7.31668
											1.04387	0.37350	12.76588
											-0.35434	-0.29688	7.91523
											1.48919	0.14365	11.58794
											1.78607	-0.53151	13.35007
											-0.64165	0.08619	7.76679
											1.55623	0.38786	13.51287
											0.09098	0.23942	8.99741
											0.12450	0.16759	9.31344
>	11:26:35	51.129870	17.038673	117.00	20	30	32	0.01	5.10	42.10	-0.91459	0.16281	10.37168
											0.54588	-0.11492	10.48182
											0.38786	-0.44053	10.99896
											0.73741	-0.81403	10.08917
											3.13640	-1.22104	13.18247
											-0.59855	-0.25379	8.52815
											0.98162	-0.55067	12.42591
											-0.81403	-0.70390	10.58716
											0.73263	-0.70390	9.32302
											1.11570	-0.84755	12.13860
											-0.53151	-0.30646	8.66701
											1.12049	-0.17238	10.59674
											0.67995	-0.43574	10.78348
											1.68073	-0.03352	9.79228
											1.80044	0.16281	10.41478
											-1.57060	-0.69432	12.65575
											-1.52271	-0.36392	8.56167
											-0.14365	0.45969	11.64540
											1.04387	0.49321	9.35175
											1.98719	0.34955	10.31901
											2.57137	0.06225	11.69807
											-1.11570	0.22027	10.01255
											-0.60334	-0.67516	11.03248
											-0.48363	-1.42694	10.13705
											0.79487	-1.22583	9.21768
											1.11570	-0.76136	9.82102
>	11:26:37	51.129847	17.038829	116.80	21	30	30	0.01	5.10	42.20	0.66559	0.70868	9.50977
											0.90501	0.63207	9.57202
											4.03184	0.11492	17.83680
											-2.72939	0.02394	8.10677
											-1.57060	-0.21069	6.04296
											0.10056	-0.87628	8.37971
											0.93853	-0.89543	7.80989
											0.79487	-0.36392	9.45710
											0.67516	0.02873	10.11311
											0.40223	0.11492	10.22324
											1.15401	0.16281	11.73638
											1.43173	-0.53630	12.91432
											0.42617	-0.32082	8.21211
											0.54109	-0.26336	10.47703
											-0.14844	-0.14365	11.29106
											-0.48363	0.20590	8.13550
											0.12929	0.57461	11.00375
											-0.67038	0.29209	8.37492
											0.31125	0.14365	11.36288
											0.71826	-0.08619	10.89841
											1.09654	0.05267	11.96143
											0.88585	-0.24900	10.59674
											0.31603	-0.84755	10.36211
											0.18196	-1.38864	10.23761
											-0.11013	-1.07739	8.71968
											1.14922	-0.45011	11.53526
>	11:26:38	51.129839	17.038904	116.90	22	31	31	0.01	5.10	42.20	0.84276	-0.57461	9.74919
											0.64165	-0.44053	10.74518
											-0.32561	-0.09098	10.01255
											1.60412	-0.20590	10.77870
											-0.43096	-0.15323	10.33337
											1.09654	-0.58897	10.79306
											1.27372	-0.01915	10.95587
											0.51236	-0.08140	9.40921
											0.12450	-0.34955	10.55843
											0.07183	-0.33040	11.62624
											-1.40779	-0.23942	9.18416
											-0.30646	-0.15323	8.61913
											1.30723	-0.29688	11.67413
											0.82839	-0.62728	10.39084
											1.10612	-0.52672	10.19930
											1.01035	-0.75178	14.32211
											0.42138	-0.72784	9.76355
											-0.21548	-0.54109	10.39084
											-0.92895	-0.48842	8.73884
											-0.44053	-0.10534	7.99663
											1.05824	0.08140	10.85052
											0.90501	0.30646	10.60631
											1.27372	0.69432	10.04128
											1.38864	0.37828	13.38838
											-0.45011	0.22984	9.24162
											0.65122	-0.09577	9.87848
>	11:26:40	51.129824	17.039045	116.50	22	32	33	0.01	5.10	42.20	-0.15323	-0.38786	11.38204
											-0.73263	-0.60334	9.47146
											-0.11492	-0.47405	11.86566
											0.07183	0.06704	8.06367
											1.88663	-0.18675	9.52892
											1.54665	-0.74699	11.04685
											-0.12450	-0.84276	7.79552
											0.25379	-0.38786	9.50977
											1.11091	-0.18675	12.95742
											0.03831	0.05746	9.11712
											-0.10056	-0.56503	10.74039
											0.80445	-0.82361	13.30219
											1.67115	0.21069	7.60398
											0.86191	-0.21069	13.63258
											-1.93451	-0.39265	8.14507
											-0.43574	-0.44532	8.73405
											3.23217	0.16281	16.27099
											-0.32561	1.03908	7.44118
											-0.68953	0.30167	11.40598
											2.57616	-0.33040	14.33648
											1.99198	0.33998	5.75087
											0.83797	0.06225	13.23994
											-2.06859	0.58897	7.71412
											0.58419	-0.24421	9.69652
											0.54109	0.12929	11.08515
											-1.36948	0.35434	10.99417
>	11:26:41	51.129814	17.039116	116.60	22	32	33	0.01	5.10	42.20	-0.92416	0.39744	9.76355
											0.06704	0.08140	10.90319
											0.70868	0.17238	11.78426
											-0.78051	0.19154	8.88728
											1.05824	-0.07661	12.49294
											0.06704	-0.17717	8.45632
											2.85868	0.09577	10.39562
											1.23062	0.80445	10.27591
											0.92895	0.77093	8.31746
											1.68552	1.70946	13.48414
											-1.11570	2.22661	9.20810
											-1.10133	1.24498	10.66856
											-0.17238	0.57940	9.75877
											1.12527	-0.24421	10.89362
											2.05422	-0.76614	14.61421
											0.16281	-0.67038	8.38449
											1.29287	-1.48919	11.43471
											-1.40300	-2.00634	8.66701
											0.55067	-2.30801	12.42112
											-0.99599	-1.22583	8.21211
											1.93930	-1.07260	11.26232
											0.64643	-0.29688	9.63906
											1.95846	-0.65122	7.95354
											1.94409	0.03352	11.76032
											1.69031	0.20111	11.10431
											-0.22505	-0.38786	9.09797
>	11:26:43	51.129791	17.039248	116.60	22	33	33	0.01	5.10	42.20	-0.13886	0.64165	9.02135
											2.01592	-0.01915	12.60787
											1.32639	-0.58419	8.44674
											2.39420	-0.85712	10.54406
											1.47004	-0.49799	10.46266
											0.48363	-0.36392	9.73482
											-2.49476	-0.11492	10.94629
											0.64165	-0.04788	11.11867
											-0.11971	0.68953	12.03805
											-0.52672	-0.26336	11.76032
											0.20590	-0.28252	9.19373
											1.97282	-0.15802	11.83214
											0.36392	-0.36392	8.37013
											2.24576	-0.69432	10.04128
											1.74298	-0.91937	11.35809
											-0.00479	-0.04310	13.05798
											-0.65601	-0.45490	9.65821
											-1.72383	0.09577	13.88637
											-1.64242	-0.62728	10.22803
											0.39265	-0.08140	10.52012
											2.05901	-1.17316	8.03973
											2.94966	-1.33596	8.76278
											2.60489	-0.79487	12.37323
											0.66559	-0.57461	7.93917
											-0.59855	-0.15802	10.90798
											0.60813	0.09098	12.31099
>	11:26:44	51.129784	17.039312	116.50	22	33	33	0.01	5.10	42.30	-0.60334	-0.45969	13.72835
											-0.63207	0.33519	7.72848
											2.06859	0.50757	10.19930
											2.03507	-0.29688	10.37168
											1.35991	-0.62728	8.29830
											1.50356	-0.46926	13.67568
											-0.52672	-0.10534	8.00142
											-0.28252	-0.39744	12.23916
											-1.56581	0.40701	9.02614
											-0.60334	-0.06704	9.84975
											-0.09098	-0.38786	12.44506
											1.28808	-0.52194	11.00854
											1.10133	0.05267	11.17613
											0.78530	-0.00958	9.46667
											0.86191	-0.52194	8.95431
											0.54109	-0.56024	11.61667
											-0.17238	-0.39265	8.67180
											0.64643	-0.37828	13.63737
											-1.65200	-0.15802	9.28471
											0.85234	-0.07661	11.60230
											-0.06225	0.36392	6.84263
											1.92973	0.10056	11.22402
											0.83797	-0.51715	9.89763
											1.41737	-0.72784	9.72046
											1.97761	-0.46448	12.78983
											-0.67038	-0.26815	10.57279
>	11:26:46	51.129757	17.039531	115.20	22	33	33	0.01	5.10	42.30	-1.45567	-0.32082	11.84172
											-1.10612	-0.14365	8.92080
											0.21069	-0.29688	10.36211
											0.69432	-0.30167	10.42435
											2.17872	-0.24421	10.61589
											1.75256	-0.16759	11.47301
											0.75178	-0.13408	8.53294
											0.66559	0.37350	11.39161
											-0.24421	0.47405	11.29106
											-0.95768	0.36871	8.20253
											0.11013	-0.23942	11.77468
											-0.54588	-0.56024	9.41879
											-0.09098	-0.71347	10.41957
											0.64165	-0.64165	12.55041
											1.02472	-0.12929	9.27035
											1.08218	-0.31125	11.99495
											-0.07183	-0.41180	8.75799
											0.51715	-0.38786	8.34140
											1.12049	-0.40701	11.82257
											0.12450	-0.26336	9.30387
											-0.35434	-0.32082	10.04128
											0.19632	0.30167	11.23359
											-0.10534	0.50757	9.62469
											1.28808	-0.05267	12.16733
											0.49321	-0.25379	10.13226
											1.01035	-0.27773	10.97981
>	11:26:47	51.129745	17.039604	115.20	23	33	35	0.01	5.10	42.40	-0.12929	0.54588	10.01255
											-0.30646	0.33998	9.32781
											1.35512	-0.30646	12.48337
											-0.50757	-0.16281	9.03572
											0.79487	-0.13886	10.68772
											0.96247	-0.78530	10.58716
											0.80924	-1.00556	8.31267
											0.97205	-0.91459	11.22402
											0.79487	-0.53630	10.40041
											0.10056	-0.65601	8.26957
											0.58419	-0.97683	9.83538
											0.46448	-0.94332	12.07635
											-0.90980	-0.34477	8.67659
											-5.82749	-9.12191	-5.82749
											-0.48842	0.18675	9.85932
											0.39744	0.54109	9.77792
											0.91937	-0.00958	11.39640
											-0.10534	0.08619	9.20810
											1.46525	-0.21548	11.80820
											0.38786	0.10056	10.75954
											-0.13886	0.77093	9.09318
											1.42216	0.57940	12.36845
											-0.56024	0.36392	8.99262
											-0.08619	-0.22984	9.95509
											-0.04310	-1.10133	10.93671
											-0.59855	-1.04866	9.92157
>	11:26:48	51.129731	17.039684	115.50	22	33	35	0.01	5.10	42.50	1.11091	-0.75178	10.37168
											0.39744	-0.45490	10.65899
											-0.36392	-0.20111	8.98783
											0.54588	-0.19154	10.17536
											1.55144	0.00000	12.16733
											0.58419	0.13408	9.90242
											0.96247	-0.29688	12.63181
											-0.27294	-0.57461	13.07234
											-0.91937	-0.44053	5.75566
											0.14844	-0.39744	11.78905
											0.62249	0.33519	10.77870
											0.62249	0.39265	10.68772
											0.56982	0.01915	9.26077
											0.45490	0.23463	11.03727
											0.36871	0.22027	9.92636
											0.30167	-0.12929	9.99340
											-0.03831	-0.34477	10.42914
											0.05267	-0.29209	8.93037
											0.89543	-0.13886	10.27591
											0.93853	0.18196	12.54562
											0.66080	0.58897	11.27190
											0.27294	0.02873	11.47301
											-0.04310	-0.74220	9.59117
											-0.00958	-1.05824	8.64786
											0.90022	-1.47004	10.05565
											0.27773	-1.14922	12.14339
>	11:26:50	51.129709	17.039860	115.80	22	33	35	0.01	5.10	42.50	-0.56024	-0.03831	10.19930
											-0.03831	0.00000	10.45308
											0.61770	0.12929	12.21522
											0.78051	0.49799	10.34774
											0.49799	0.94332	11.08037
											-0.41659	1.27850	9.80665
											0.54588	0.94810	9.68215
											0.50757	0.14844	9.34696
											1.01035	-0.37828	10.62068
											0.01437	-0.69911	10.93192
											0.27294	-0.94810	9.71567
											0.43574	-0.86670	9.53850
											0.58897	-0.89543	11.85609
											0.03352	-0.93374	9.19852
											0.76614	-0.81882	11.06600
											0.88585	-0.70390	11.31021
											0.20590	-0.90501	9.94551
											0.62728	-0.83318	10.46266
											0.33998	-0.46926	10.65420
											-0.21069	-0.70390	9.76834
											0.24421	-0.71826	8.78672
											0.93853	-0.67038	11.91834
											-0.14365	-0.50278	8.50420
											0.46926	-0.39744	10.34774
											0.19154	-0.03352	10.08438
											0.34477	0.19632	9.95509
>	11:26:52	51.129694	17.040000	115.80	22	35	35	0.01	5.10	42.60	0.11971	0.34955	8.41801
											0.57461	0.64165	13.47457
											-0.25857	1.09176	8.86812
											-0.33998	1.34554	9.50498
											0.16281	1.18274	8.63828
											0.90980	0.63207	11.13304
											0.43574	0.25857	10.04128
											0.35434	-0.12450	10.98460
											-0.11013	-0.37350	10.83137
											0.65601	-0.55067	10.29986
											1.22583	-0.31603	9.70609
											1.52271	0.01437	11.54963
											1.33118	0.02873	13.79539
											-0.49321	0.04788	9.46667
											-0.60813	-0.16759	10.79785
											0.05267	-0.11971	9.25598
											0.27773	-0.84755	8.95910
											1.06781	-1.03430	8.60955
											1.34554	-1.04866	12.18170
											0.00479	-1.36469	10.99417
											-0.17238	-1.61848	8.86812
											2.22661	-1.59454	14.20240
											1.16837	-1.24498	15.74427
											-1.21147	-0.71826	6.78996
											-0.40701	-0.06225	8.63349
											-0.15802	0.81882	7.47949
>	11:26:53	51.129683	17.040065	115.60	22	35	35	0.01	5.10	42.60	0.33040	0.09577	12.18170
											-0.38307	0.03352	9.25119
											-0.36392	0.09577	12.11945
											-0.38307	0.45969	7.92960
											1.60890	0.82839	9.48583
											1.82917	0.25379	11.16177
											0.72305	-0.11971	9.71088
											1.63285	-0.20111	10.94629
											0.73263	-0.32561	9.34218
											1.60890	-0.21069	7.47949
											3.17950	-0.91937	17.16643
											0.94332	-0.98162	13.14417
											-0.47405	-1.88663	8.54730
											-0.53630	-2.37505	10.83137
											0.26815	-1.56581	10.15620
											1.10133	-1.26893	10.43872
											1.44131	-0.57940	10.55843
											-0.76136	0.50278	9.71088
											1.13964	1.69031	10.46745
											1.91057	1.57538	9.02135
											1.38385	0.24421	10.82179
											1.61848	-1.16837	11.44428
											0.56503	-1.68552	11.41077
											0.08140	-1.04387	9.57681
											0.31125	0.38307	10.86010
											0.33040	0.86191	10.63983
>	11:26:55	51.129677	17.040109	115.20	20	33	33	0.01	5.10	42.60	0.81403	-2.35589	9.74440
											1.70946	-0.58419	9.83059
											2.01592	0.48363	11.62624
											1.89142	0.67995	11.22402
											0.69432	0.53151	8.39407
											1.06303	0.55067	7.98227
											2.11169	0.58897	9.39485
											2.73897	0.86670	14.50886
											1.33118	0.49321	9.84017
											0.94810	0.78530	9.36133
											1.81959	0.78530	12.51210
											2.45166	1.17316	12.78983
											1.41258	0.69432	10.63983
											1.35991	0.84276	9.96946
											1.93930	1.02951	11.66455
											0.19154	1.04866	10.39562
											-0.05746	0.34477	14.23114
											-0.76136	0.58419	8.06367
											1.82438	-1.03908	13.47936
											2.82037	-1.67594	8.81066
											1.93451	-2.01113	11.76032
											3.56257	-1.78607	12.01889
											1.47004	-1.13485	8.99262
											0.89543	0.24900	12.05720
											-0.53630	1.73819	9.54329
											1.07260	-0.06704	13.00051
>	11:26:56	51.129657	17.040201	115.20	20	33	33	0.01	5.10	42.50	-0.14365	-0.95768	10.35732
											-0.53151	-0.84276	9.28471
											0.39744	-1.23062	10.94629
											0.17238	-1.16358	10.62547
											-0.00958	-0.72784	10.82179
											-1.04387	-0.40701	9.82102
											-0.44053	0.00000	10.19930
											0.33040	0.34477	11.41077
											0.84755	0.06704	10.11311
											0.80445	-0.30646	10.23282
											0.38786	-0.59376	9.84017
											0.49321	-0.45490	11.74117
											0.31603	-0.18675	10.06044
											0.07183	0.05746	9.82580
											0.07661	-0.08619	10.62068
											0.22027	-0.23463	10.94150
											-0.22984	-0.02873	10.63026
											-0.67516	0.43096	10.25197
											-0.56982	0.52194	10.70687
											-0.46926	0.44053	10.81221
											0.11013	0.04788	9.90721
											1.03430	-0.49799	11.17613
											1.02951	-0.84755	10.58716
											1.00556	-0.51715	10.73081
											0.13886	0.11492	9.73961
											0.65122	-0.24421	9.72525
>	11:26:57	51.129647	17.040235	116.20	22	35	35	0.01	5.10	42.50	0.34955	-0.66080	9.95030
											0.74220	-1.03908	11.45865
											0.77093	-1.07739	8.71011
											0.84276	-1.42216	11.31021
											0.03831	-0.88585	10.40041
											0.02394	-0.21069	10.04607
											0.08619	-0.47884	9.82580
											0.63207	-0.94332	11.37725
											0.54588	-0.17238	10.14663
											0.58897	0.55067	9.84017
											0.15802	0.49321	9.13627
											0.44053	0.10534	10.75475
											-0.14365	0.09577	10.79306
											-0.88107	0.05746	9.38048
											0.11971	-0.55545	10.56801
											0.35913	-0.74220	11.51611
											0.01915	-0.57940	10.26155
											0.81882	-0.69432	10.55843
											0.76614	-0.89543	10.98939
											0.61770	-0.52194	10.77870
											-0.39265	-0.54109	9.41879
											0.24421	-0.47405	10.52491
											0.35434	-0.14365	11.60709
											-0.07661	0.23463	9.81144
											0.41659	-0.37828	9.93594
											0.46448	-0.99120	10.74039
>	11:26:59	51.129609	17.040281	116.40	22	35	35	0.01	5.10	42.50	0.42617	0.09577	10.93192
											0.16281	0.36392	10.53449
											0.12929	0.46448	9.40442
											0.45011	0.28252	11.07558
											-0.43096	0.08619	10.42435
											-0.16281	-0.09098	9.78750
											0.03352	-0.45969	11.66455
											0.02394	-0.64643	10.61110
											0.01915	-0.57461	10.18972
											1.02472	-0.56503	11.12825
											0.60813	-0.28730	9.90242
											0.19154	-0.21069	9.34218
											0.61770	-0.19632	10.07959
											1.10133	-0.67516	12.10987
											0.03831	-1.04866	9.60075
											0.54109	-1.33118	9.54329
											0.65601	-1.01514	10.86010
											-0.56024	-0.81403	10.67814
											-0.50757	-0.58419	9.59117
											0.67516	-0.53151	11.01812
											0.11013	-0.49321	11.61188
											0.61770	-0.49321	9.27035
											1.22583	-0.39744	11.84172
											0.96726	-0.26815	9.93115
											0.24421	0.16281	9.62948
											0.49799	0.45969	9.13148
