>	11:06:01	51.129874	17.045684	158.00	20	28	30	0.00	17.00	24.90	2.15478	-1.17316	9.65342
											1.89142	0.24421	10.09874
											1.34554	-0.59855	10.33816
											1.35991	-1.00078	10.29507
											1.45089	-1.38385	10.21366
											1.47483	-1.82438	10.02213
											1.41258	-2.12605	9.84975
											1.56102	-2.39899	9.82102
											1.51314	-2.59053	10.14663
											1.54665	-2.48997	10.18015
											1.51314	-2.34632	10.27591
											1.47004	-2.36068	10.26155
											1.32639	-2.14999	10.19930
											1.10612	-1.89621	9.96946
											0.99120	-1.86269	9.86411
											0.85712	-1.69509	9.86411
											0.86670	-1.53229	10.04128
											1.00556	-1.56102	10.16578
											1.03430	-1.62327	10.48182
											1.11570	-1.65679	10.58237
											1.13006	-1.79086	10.46745
											1.17316	-1.88184	10.10832
											1.09654	-1.80523	9.63427
											1.12527	-1.71904	9.50498
											1.23541	-1.69988	9.57681
											1.15401	-1.50835	9.94551
>	11:06:02	51.129869	17.045691	156.50	21	29	31	0.00	16.90	25.00	0.16759	-3.18429	6.39731
											-0.08619	-3.32315	6.05733
											-0.17717	-3.41413	5.87537
											-0.19632	-3.46680	5.63116
											-0.23463	-3.57215	5.37259
											-0.30646	-3.60088	5.19542
											-0.40223	-3.55778	5.10444
											-0.43096	-3.56257	5.08528
											-0.38786	-3.42371	5.04219
											-0.27773	-3.26090	5.10923
											-0.22027	-3.19387	5.20978
											-0.09577	-3.04542	5.40132
											0.14365	-2.92093	5.73172
											0.44532	-2.86825	6.05254
											2.70066	-2.75812	10.25197
											2.65756	-1.55623	22.60126
											3.16513	-4.04620	25.50304
											0.04788	-6.14831	24.90449
											0.47884	-4.18028	18.13847
											0.30167	-4.53941	11.75553
											-0.58897	-4.45322	8.57603
											-2.59053	-2.45166	4.91290
											-4.22337	-2.88741	3.35667
											-1.37906	-2.79164	2.07817
											-1.37906	-0.90022	8.66701
											-0.70390	-2.17394	12.78983
>	11:06:03	51.129866	17.045702	156.30	21	30	32	0.00	17.00	25.00	-0.18675	-1.77650	10.75954
											-0.24421	-2.03507	10.47224
											-0.18196	-2.35111	10.02213
											-0.20590	-2.76770	9.79707
											-0.27773	-3.18908	9.34696
											-0.56024	-3.42371	9.22246
											-0.84276	-3.56257	9.21289
											-0.24421	-3.48117	8.80587
											1.16358	-3.10767	8.47547
											3.11725	-2.82037	9.13148
											5.12359	-2.56658	10.59195
											7.62793	-2.39420	11.22881
											8.59997	-2.11169	11.57357
											8.57603	-1.35512	11.54484
											8.15944	-1.24020	11.39640
											8.48505	-1.40779	10.98939
											8.47069	-1.47004	10.46266
											7.44597	-1.47483	10.07480
											5.96156	-1.88663	9.95509
											4.80756	-2.38462	9.95509
											3.96959	-2.48518	9.59117
											3.18429	-2.76770	9.36133
											2.14520	-3.34709	9.34218
											1.11091	-3.82115	9.52413
											0.49321	-3.91691	9.61511
											0.15802	-4.13239	9.45231
>	11:06:04	51.129878	17.045694	156.10	20	28	30	0.00	16.90	25.10	1.60412	-3.09331	8.93037
											1.09176	-3.05021	8.85376
											0.94810	-3.05500	9.34218
											1.22104	-3.26569	8.99262
											1.59933	-3.36146	9.26556
											1.89621	-3.58651	9.24162
											1.88184	-3.92649	10.02213
											1.80044	-4.42448	10.13705
											1.64721	-5.02782	10.21366
											1.32639	-5.05655	9.63906
											1.38385	-5.49230	9.39006
											1.67594	-5.65989	9.06445
											1.59933	-5.25288	9.06924
											1.21625	-5.01346	8.97826
											1.07260	-4.34308	8.72447
											1.24977	-4.35745	8.62391
											1.47483	-3.67271	8.33182
											1.40300	-3.56736	8.70053
											1.25935	-3.93607	8.69095
											1.14443	-3.69665	9.12670
											1.46525	-4.20422	9.17937
											1.76213	-4.40054	9.32302
											1.98240	-4.26168	8.77714
											1.55144	-4.57293	8.93037
											1.42694	-3.96001	8.90164
											1.09654	-3.33273	9.36612
>	11:06:05	51.129920	17.045658	158.50	20	28	30	0.00	16.90	25.10	-1.07739	0.44053	7.85777
											-1.39821	1.27372	9.66779
											-1.52271	1.64242	10.63504
											-1.57060	2.09253	9.34218
											-1.73340	2.43730	8.25521
											-1.95846	2.25534	6.01902
											-2.03986	2.51870	3.73495
											-1.46046	2.94008	5.01825
											0.62249	2.18830	12.89517
											1.81002	1.29287	18.60773
											0.39744	2.66714	19.41219
											-1.02472	2.39420	14.86799
											-0.67995	2.52349	13.88158
											0.09577	2.54264	13.04361
											-0.15802	2.00155	16.48647
											-1.29766	1.37427	14.82011
											-2.98318	0.68953	12.25352
											-3.53863	0.52672	9.54329
											-2.97839	0.49799	6.33506
											-2.99754	-0.06225	6.39252
											-2.61926	0.06704	6.28717
											-2.34153	0.41659	9.03093
											-1.08218	0.55545	9.87369
											-0.50757	0.63686	11.24796
											-0.07661	0.60334	11.22881
											-0.30167	0.43574	10.68772
>	11:06:06	51.129929	17.045677	159.00	20	27	30	0.00	16.90	25.20	1.80523	1.08697	11.94707
											1.48441	0.29209	13.22078
											0.85234	0.05746	12.44027
											-0.14365	-0.27773	11.11867
											-0.65601	-0.52194	9.61511
											-0.58897	-0.66559	8.27915
											-0.52194	-0.86670	8.70053
											0.08619	-0.89064	9.17458
											0.51236	-0.76614	10.61110
											0.56503	-0.43096	10.57279
											0.32082	0.10056	10.74518
											0.36871	0.36871	10.36211
											0.38786	0.78530	9.93594
											0.40701	1.03430	9.92636
											0.90022	1.03908	10.39562
											0.37828	1.13006	10.35732
											-0.58419	0.89543	7.20655
											-1.13964	0.71347	3.86424
											-0.22984	0.77093	3.20344
											2.03507	0.29688	6.77080
											2.45166	0.12450	10.99896
											1.33596	0.12929	11.87524
											1.21147	-0.40223	10.56801
											2.27928	-0.34477	12.23437
											3.65834	-0.25857	13.24951
											2.93050	-0.74699	14.30775
>	11:06:07	51.129931	17.045712	158.30	20	27	32	0.00	16.90	25.20	0.97205	1.34075	9.29429
											1.07739	1.09654	9.76834
											1.32160	0.83318	9.79228
											1.77650	0.65601	10.06522
											1.88184	0.32561	10.35253
											1.70467	-0.10056	10.29986
											1.51792	-0.44053	10.45787
											1.43173	-0.61292	10.04607
											1.50356	-0.69911	9.75877
											1.55144	-0.76614	10.19930
											1.56102	-0.71826	10.02213
											0.99599	-0.55067	10.52491
											0.97683	-0.53151	9.97903
											0.94810	-0.53151	9.87369
											1.55144	-0.54588	9.44273
											2.12126	-0.36871	9.51935
											2.95444	-0.11492	10.36689
											3.32315	0.34955	11.56878
											3.05500	0.50757	12.54083
											2.92093	0.53630	12.66533
											2.62405	0.70868	12.83771
											2.12605	0.79966	12.96700
											1.62806	0.86191	11.91355
											1.25456	1.03430	11.59272
											1.01035	1.08218	10.74518
											1.04387	1.09654	10.81221
>	11:06:08	51.129966	17.045719	156.50	20	27	32	0.00	16.90	25.20	1.82438	1.49877	10.14184
											2.54264	1.70467	10.45787
											2.63841	1.99198	10.20888
											2.31759	2.42293	9.31344
											2.07817	2.74854	8.17380
											1.94409	2.80600	7.98227
											1.52750	2.77727	7.86735
											1.61369	2.66714	9.14585
											1.84832	2.43730	9.86411
											1.30245	2.09732	10.86968
											1.58017	1.59454	11.04206
											0.83318	1.77650	11.05163
											-0.18196	1.84354	10.32859
											-0.56982	1.81480	9.16500
											-1.30245	2.18351	9.63906
											-1.06303	2.00155	9.80186
											-0.89064	1.88663	11.38682
											-0.77093	1.96803	11.62624
											-0.97683	1.94888	11.45865
											-1.27850	2.28886	10.63026
											-1.39821	2.72939	9.30387
											-1.69031	3.01191	8.35576
											-1.53229	3.46680	7.55131
											-1.59933	3.79242	7.70454
											-1.29766	3.92170	7.96311
											-1.08218	4.01747	8.68616
>	11:06:07	51.130043	17.045606	147.90	20	26	31	0.00	16.90	25.20	1.51792	-0.40701	10.84095
											1.53708	-0.45011	11.30063
											1.46525	-0.38307	11.51611
											1.00556	-0.37828	11.07079
											0.13886	-0.63207	9.04529
											0.45011	-0.89543	9.53850
											0.90022	-1.08697	10.44351
											0.85712	-1.15879	10.80264
											0.70390	-1.13485	10.27112
											0.71826	-1.09654	9.68215
											0.77093	-0.95768	10.34774
											1.09176	-0.64643	11.43471
											1.58017	-0.35434	11.92791
											1.13964	-0.13886	11.35809
											0.36871	0.10534	9.67257
											-0.46926	0.16759	7.73806
											-0.29209	0.02873	6.61757
											0.04788	0.00958	8.17859
											0.44532	-0.00958	10.97023
											0.60813	-0.11492	12.76110
											0.06225	-0.29688	12.51210
											-0.76614	-0.13408	10.74997
											-1.45567	-0.15323	8.68138
											-1.40300	-0.13408	8.11634
											-1.01514	-0.25379	9.21289
											-0.94332	-0.42138	10.82179
>	11:06:08	51.130072	17.045553	144.30	17	22	25	0.00	16.90	25.10	1.04387	0.25857	10.26634
											0.86191	0.51715	11.88961
											0.18675	0.89543	11.40598
											0.19632	1.39821	10.33337
											0.43096	1.69988	9.88326
											0.56024	1.84832	10.21845
											0.21069	1.41258	10.78348
											-0.32561	1.03908	10.77391
											-0.20111	0.36871	10.29507
											0.02394	-0.05267	10.23282
											0.79009	-0.24421	10.29986
											0.75178	-0.64165	10.03170
											0.07183	-0.90501	10.09395
											-0.60334	-0.97683	9.96946
											-0.62728	-1.18274	9.93115
											-0.68953	-1.38864	9.95030
											-0.19632	-1.58975	10.91277
											0.23942	-1.53708	11.14261
											0.25379	-1.66158	10.61110
											-0.47884	-1.36948	10.26155
											-0.29209	-0.96247	9.99819
											-0.13886	-0.32082	9.67257
											0.13408	0.22505	8.30309
											0.71826	0.56024	7.95833
											1.05345	0.82361	9.11712
											1.35991	0.76136	10.46266
>	11:06:09	51.130118	17.045513	144.60	14	19	22	0.00	16.80	25.00	0.63207	-0.57461	11.07558
											0.28730	-0.51236	10.68772
											0.20111	-0.32561	10.24239
											-0.18196	-0.14365	9.40442
											0.13886	0.03831	8.93995
											0.46926	0.23942	9.68694
											0.79487	0.21548	11.25275
											0.04310	0.30646	11.64061
											-0.73741	0.33519	10.79306
											-0.94810	0.76614	9.66779
											-0.67516	0.87149	9.10275
											0.31603	0.70868	9.74919
											0.84755	0.44532	11.45865
											0.17238	0.36871	11.51132
											-0.81882	0.30167	10.19451
											-0.96726	0.23942	8.14986
											-0.12929	0.08619	7.46512
											0.79009	-0.26336	8.80587
											1.34554	-0.52672	10.77391
											1.23062	-0.61292	12.05720
											0.80924	-0.61770	11.67892
											0.43574	-0.47405	10.29986
											0.17238	-0.56024	8.63349
											0.07661	-0.53151	7.97269
											0.45490	-0.67995	9.18416
											0.81882	-0.82361	10.55364
>	11:06:10	51.130155	17.045480	144.40	13	18	21	0.00	16.80	24.90	0.16759	0.42138	11.33894
											0.17238	0.51236	11.16656
											0.12450	0.45011	10.76912
											-0.14844	0.35913	9.54808
											-0.10534	0.25379	8.17859
											0.01915	0.20590	7.65187
											0.50757	-0.03831	7.95354
											0.81882	-0.19154	9.88326
											0.91937	-0.34477	12.01410
											0.85234	-0.33998	13.08671
											0.75657	-0.31125	12.30141
											0.58897	-0.06704	10.73081
											0.24900	0.11971	9.55765
											0.14844	0.42617	9.11233
											0.27773	0.48363	9.73482
											0.50278	0.48842	10.37647
											0.39265	0.48363	10.64941
											0.85234	0.49799	10.96066
											1.12049	0.43574	11.64061
											0.84755	0.54109	11.94707
											0.12450	0.66559	10.86010
											-0.11971	0.83318	9.19373
											0.48842	0.86670	9.16500
											0.35913	0.82361	9.61033
											-0.04788	0.79487	9.86411
											-0.13886	0.61770	9.83059
>	11:06:11	51.130196	17.045450	143.80	13	18	21	0.00	16.80	24.80	-0.05746	0.05746	9.58160
											0.44532	-0.03352	9.85932
											0.69432	-0.31603	10.40041
											0.64165	-0.50757	10.92235
											0.17238	-0.60334	11.48738
											-0.11971	-0.55067	11.50653
											-0.12929	-0.37828	10.84573
											0.07661	-0.23942	10.12747
											0.39744	-0.06225	9.74440
											0.53151	0.05267	9.78750
											0.74699	0.12450	9.46189
											0.85712	0.16281	9.75877
											0.56503	0.30167	10.02692
											0.73741	0.46448	10.55364
											0.81882	0.53630	10.91277
											0.43574	0.57940	10.23282
											0.33519	0.62249	9.10754
											0.15802	0.50757	8.82503
											-0.01437	0.20590	9.61511
											0.39744	0.05746	10.74997
											0.36871	-0.01915	11.39161
											0.27773	-0.09098	11.16656
											0.10056	-0.05267	10.72602
											0.31603	-0.01915	10.60631
											-0.19154	-0.02873	10.63504
											-0.33040	-0.10534	9.76355
>	11:06:12	51.130232	17.045417	143.40	13	18	21	0.00	16.80	24.70	-0.14365	-0.23463	10.83137
											0.40701	0.08140	10.82658
											0.70390	0.35434	10.65420
											0.62249	0.50757	10.24718
											0.42138	0.62728	9.89763
											0.55067	0.76136	9.46667
											0.76614	0.95768	9.88326
											0.71826	1.04387	10.82179
											1.04866	0.99120	11.58794
											1.19710	1.18752	11.65019
											0.69911	1.12527	10.86489
											0.04310	1.00078	10.39562
											-0.07661	0.76614	10.01255
											-0.02394	0.33998	9.29429
											0.11013	0.22505	9.19373
											0.42617	-0.05746	10.34295
											0.27773	-0.18196	11.38682
											0.37350	-0.42138	11.02769
											0.14844	-0.70390	10.76912
											-0.45011	-0.90501	10.50097
											-1.42216	-1.12527	9.10275
											-1.13485	-1.25935	7.69018
											-0.46926	-1.46046	8.11156
											-0.02873	-1.32160	10.05086
											0.11492	-1.30245	12.09551
											0.24421	-1.06781	11.98537
>	11:06:13	51.130274	17.045394	143.40	12	17	19	0.00	16.70	24.60	0.87628	0.12450	10.13705
											1.05824	0.10534	10.01734
											0.60334	0.17238	10.12268
											-0.20590	0.30167	9.93115
											-0.64643	0.12929	9.79228
											-1.32639	0.04788	9.98861
											-1.30723	-0.26336	9.83059
											-0.56503	-0.47884	9.95030
											-0.03352	-0.97683	10.02213
											-0.57940	-1.00556	9.91199
											-0.67038	-1.12527	10.57758
											-0.34477	-0.99599	11.35330
											0.44053	-1.11570	11.42992
											0.45490	-0.76136	11.16656
											0.46926	-0.53630	10.11790
											0.35913	-0.28730	8.79630
											0.57940	-0.12929	7.63272
											0.25379	-0.01437	7.45554
											0.58897	0.01437	8.62870
											1.21625	-0.05746	10.98460
											1.42694	-0.22984	12.70842
											0.85712	-0.46926	12.95263
											0.69432	-0.49321	12.03805
											0.91937	-0.56503	10.61110
											0.64165	-0.45969	9.93594
											0.51715	-0.43574	10.14184
>	11:06:14	51.130311	17.045366	143.20	12	17	19	0.00	16.70	24.50	0.25379	-0.80924	10.35253
											0.22984	-0.85234	9.87848
											0.39265	-0.86191	10.75475
											0.76614	-0.83318	12.17691
											0.97683	-0.89543	12.58392
											0.49321	-0.79487	11.92312
											-0.14365	-0.58419	9.73004
											-0.44532	-0.42138	7.35978
											-0.74220	-0.24900	5.78918
											0.04310	0.01915	5.87058
											0.95768	0.13408	7.57047
											1.00556	0.08140	10.27591
											0.58897	-0.05746	12.56956
											0.74220	-0.37828	13.82891
											1.18752	-0.44532	13.50809
											1.02472	-0.70390	12.14339
											0.72784	-0.78530	11.14740
											0.39744	-1.13006	10.65420
											-0.07661	-1.44131	9.57681
											-0.33040	-1.41258	8.70532
											-0.05746	-1.49877	8.78193
											-0.11013	-1.35033	9.50498
											0.22027	-1.31681	10.69250
											0.78051	-1.12527	11.36767
											0.43574	-1.02951	10.30943
											0.36392	-0.74220	9.01178
>	11:06:15	51.130348	17.045343	143.10	12	17	19	0.00	16.70	24.30	1.68552	-0.56982	13.94383
											0.92895	-0.97205	13.19205
											0.86191	-1.12527	10.31422
											1.05824	-1.42216	9.27514
											0.78051	-1.69031	10.03649
											-0.05746	-2.08296	8.58082
											-0.25379	-1.96803	6.67503
											0.89543	-1.61848	8.00142
											2.11169	-1.52271	12.34450
											0.87149	-1.55623	14.11142
											-0.11013	-1.33118	11.57357
											-0.34477	-0.97205	10.12268
											0.00000	-0.86670	10.38605
											0.24900	-0.86191	10.59195
											0.77093	-1.03430	12.11466
											0.33998	-1.09654	12.69885
											-1.60412	-1.08697	10.95108
											-3.24654	-0.85234	8.02058
											-2.92571	-0.44532	5.63595
											0.08619	0.22984	9.10275
											2.34632	0.40223	14.38915
											1.70467	0.20590	17.34360
											0.57940	0.37828	15.36599
											-0.26336	0.56503	8.06846
											-0.73741	1.03430	4.60166
											-0.93374	0.78051	7.43160
>	11:06:16	51.130385	17.045319	142.60	12	17	19	0.00	16.70	24.20	-0.12450	-0.63686	9.81144
											-0.56024	-0.31125	8.84418
											-0.53151	-0.28730	8.65265
											-0.79487	-0.11971	8.77714
											-0.39265	-0.18675	10.09395
											0.33040	-0.09577	12.05241
											0.73263	-0.15802	12.67490
											0.04788	-0.17238	12.58392
											-0.55545	-0.13886	12.02368
											-0.51715	0.09098	10.52491
											-0.31603	0.00958	8.90164
											-0.09577	0.02873	8.64786
											0.30646	-0.12929	9.68215
											0.47405	-0.18196	11.28148
											0.61770	-0.31125	12.65575
											0.17238	-0.29209	12.27268
											-0.31603	-0.16759	10.55843
											-0.56024	-0.03352	8.85855
											0.18675	-0.06225	7.73806
											0.59855	-0.07183	7.83383
											0.44053	0.00958	8.59997
											0.30646	0.09577	9.64863
											0.72305	-0.03352	10.13226
											1.13006	-0.14844	10.94150
											1.07739	-0.14365	12.41633
											1.02951	-0.18196	12.18649
>	11:06:17	51.130419	17.045298	141.50	12	17	19	0.00	16.70	24.20	1.01993	-0.41659	13.44584
											0.62249	-0.50757	12.13381
											0.00000	-0.67516	10.38605
											0.07183	-0.47884	9.13148
											1.13964	-0.63686	9.76355
											1.44610	-0.47405	10.51055
											0.83797	-0.55067	10.63504
											0.14844	-0.44053	10.04607
											-0.46926	-0.23942	8.71011
											-0.79966	-0.02394	8.15944
											0.42617	-0.02394	10.86489
											0.98641	0.33040	12.32056
											0.91459	0.54109	11.99495
											0.67038	0.52194	10.84573
											0.27773	0.52194	8.79630
											-0.45490	0.56024	7.35978
											-1.26893	0.52672	7.73806
											-0.50757	0.51236	9.45710
											0.48363	0.46448	10.70687
											0.66080	0.56024	10.97023
											0.15323	0.35913	11.00854
											-0.00479	0.16281	10.73081
											-0.00479	-0.18675	10.10832
											0.12929	-0.46926	9.28471
											0.85712	-0.76614	10.07480
											1.34075	-0.87628	12.38760
>	11:06:18	51.130464	17.045276	141.60	12	17	19	0.00	16.60	24.00	-2.40378	-1.03430	4.50110
											-1.48919	-1.79086	5.88495
											1.13485	-1.05345	11.07079
											2.11647	-0.51236	14.05875
											1.41258	-0.36871	13.26867
											0.18196	-1.24020	10.19451
											-0.51236	-1.79565	7.36456
											-0.70868	-2.50433	7.23049
											-0.03352	-1.96325	9.67257
											0.66080	-1.47004	11.91355
											0.17717	-1.16358	11.65019
											-0.98641	-1.64721	9.37569
											-0.68474	-2.08774	8.87291
											0.05267	-2.02549	10.27112
											0.05267	-1.65679	11.08994
											0.02394	-1.28808	11.42513
											0.98641	-0.78051	12.28704
											1.23062	-0.21069	12.01889
											0.67516	-0.17238	10.74997
											0.36392	0.05746	9.52413
											0.02873	0.14365	8.30309
											-0.74699	-0.07183	6.89530
											0.06704	-0.27773	7.44597
											2.62883	0.30646	11.88482
											3.63440	0.71347	15.38993
											1.85311	0.99599	13.70441
>	11:06:19	51.130479	17.045257	139.80	13	18	20	0.00	16.60	23.90	0.43574	-0.67038	9.65821
											0.56503	-0.51236	10.20888
											0.17717	-0.40223	10.28549
											-0.21069	-0.43096	9.73961
											0.24421	-0.06225	10.00776
											1.10133	0.29688	11.14261
											1.52271	0.56982	11.22402
											1.54665	0.88107	10.59674
											1.37906	1.05345	10.39562
											1.10133	1.05345	10.61589
											0.91937	1.06303	10.56801
											0.74220	1.15401	10.29507
											0.73263	1.15879	9.86411
											0.56982	0.88585	9.69173
											0.44532	0.39744	9.85932
											0.66080	0.19154	10.46266
											0.83318	-0.14844	10.73081
											0.59855	-0.28730	10.63026
											0.21548	-0.82361	10.04128
											0.06704	-1.04387	9.47625
											0.20590	-1.36469	9.91678
											-0.06704	-1.34075	9.70131
											-0.55067	-1.93451	9.00220
											-0.68953	-1.74298	9.37091
											-0.33040	-1.84354	9.70131
											-0.28252	-1.76692	9.40442
>	11:06:20	51.130488	17.045236	138.20	13	18	20	0.00	16.60	23.80	1.57060	2.37505	12.90475
											-0.35434	2.51391	9.95509
											-1.12049	1.79086	6.56011
											-0.44053	1.10612	5.21457
											0.76136	0.15323	7.92960
											1.35033	0.34477	12.58392
											1.24977	0.66559	14.66688
											1.09654	0.40701	13.25430
											0.65601	-0.08619	11.50175
											0.12450	-0.68953	9.05008
											-0.16759	-0.95289	7.00065
											0.35913	-0.55067	7.74764
											0.69911	-0.56024	10.64462
											0.53630	-0.56024	12.57435
											0.54109	-0.43574	12.08593
											0.42617	-0.63686	10.79306
											-0.07661	-0.79009	10.05565
											-0.32561	-1.04866	10.18493
											-0.05746	-0.82839	10.89362
											0.66080	-0.52672	11.49217
											0.79966	0.02873	11.76990
											0.39744	0.14365	10.64462
											-0.82361	-0.19632	8.55209
											-2.03028	-0.79009	6.46434
											-1.35512	-1.28808	6.56490
											0.44532	-1.03430	10.16578
>	11:06:21	51.130505	17.045209	136.40	13	18	20	0.00	16.60	23.80	0.05267	-1.47483	7.51779
											0.84755	-1.58496	10.11311
											0.90980	-1.59933	11.73159
											0.88585	-1.39343	11.40119
											0.60813	-1.37427	10.74518
											0.21069	-1.56581	10.61110
											-0.27773	-1.47962	10.42435
											-0.66559	-1.51792	9.58160
											-0.93374	-1.53229	8.97826
											-0.86191	-1.42694	8.62391
											-0.02873	-1.61848	9.34696
											1.43652	-1.15401	11.76990
											2.00155	-0.87149	13.26388
											0.68474	-0.58419	12.59350
											-0.51715	-0.91459	10.20888
											-0.77572	-0.53151	7.79073
											-0.05746	-0.78530	6.70855
											0.60813	-0.62249	8.05888
											1.15879	-0.58897	10.15141
											0.86191	-0.30167	11.72201
											0.45969	-0.44532	11.97101
											0.24900	-0.27294	11.45865
											0.45011	-0.39265	10.93671
											0.09577	-0.08619	10.07480
											0.21548	-0.11971	9.91678
											0.90022	0.08140	10.10832
>	11:06:22	51.130513	17.045184	133.40	13	17	19	0.00	16.60	23.80	-0.10534	-0.46448	11.33415
											0.23463	-0.56503	12.13381
											-0.28730	-0.37350	9.35654
											0.61292	-0.37350	7.80510
											1.40300	-0.29209	8.80109
											0.82839	-0.23463	10.63504
											0.18196	-0.14844	11.87524
											0.35913	0.07183	12.00453
											1.01993	0.18196	10.80743
											1.15879	0.17238	9.61511
											1.20189	0.04310	9.45710
											1.44610	0.00000	10.34295
											1.09176	-0.23942	10.58716
											-0.15323	-0.30167	9.98382
											-0.68953	-0.33998	9.73004
											-0.22505	-0.32561	10.00776
											0.39265	-0.26815	10.63504
											-0.12929	0.00958	10.64941
											-0.35434	-0.01437	10.43872
											0.29688	-0.08140	10.55843
											0.63207	-0.09577	10.44351
											-0.09577	-0.14365	9.38048
											-0.78051	-0.20111	8.04452
											-0.40701	-0.20590	7.90087
											0.59855	-0.57461	9.04529
											1.62327	-0.68953	11.19050
>	11:06:23	51.130524	17.045154	131.30	13	17	19	0.00	16.50	23.80	0.40701	-0.11013	11.09952
											0.86191	0.14844	11.44428
											0.25857	0.17717	10.26155
											-0.18196	0.18675	8.77714
											0.22984	0.22505	9.18895
											0.57461	0.01437	10.54885
											0.43096	-0.04310	11.95664
											0.28730	-0.18196	11.86566
											0.08619	-0.25857	10.92235
											-0.37828	-0.38786	9.66300
											-0.69432	-0.31125	8.43717
											-0.48363	-0.25857	8.14029
											-0.00958	-0.22505	8.14029
											0.71347	-0.11013	9.84975
											1.38864	-0.02873	11.73159
											1.42216	0.04310	12.07156
											0.93374	0.01437	11.06600
											0.64165	0.31125	10.53449
											0.30646	0.32082	10.18015
											0.10534	0.26815	10.11790
											0.25379	0.27294	9.85932
											-0.04788	0.10534	8.33182
											0.03352	0.20111	7.32626
											1.09176	0.27773	10.55364
											1.20189	0.25857	12.99094
											0.50757	0.20111	12.92869
>	11:06:24	51.130576	17.045115	137.90	13	17	19	0.00	16.50	23.70	0.61292	-0.68953	10.01734
											1.13964	-0.98162	9.81144
											1.28808	-1.24498	9.62469
											0.91459	-1.41258	9.91199
											0.31603	-1.41258	10.26155
											-0.22984	-1.23062	10.01255
											-0.38307	-0.94332	9.63427
											0.25379	-0.56982	10.42914
											0.84276	-0.40701	11.17134
											-5.82749	-9.12191	-5.82749
											0.39744	0.10056	10.24239
											0.27294	0.22027	9.10754
											0.76136	0.39265	8.91601
											1.85311	0.43096	11.59751
											1.62327	0.16759	13.45063
											0.64165	-0.11013	11.76511
											-0.18196	-0.18196	8.75799
											-0.34477	-0.19632	6.49786
											0.35913	-0.29688	7.25443
											1.13964	-0.23463	10.13705
											1.13964	-0.34955	12.46421
											0.80924	-0.33519	12.90954
											0.72305	-0.23942	12.53604
											0.18675	0.00958	11.09952
											-0.69911	-0.03831	9.69652
											-1.08218	0.10056	8.59997
>	11:06:25	51.130586	17.045076	137.50	13	17	17	0.00	16.50	23.60	0.51236	-0.33519	9.98861
											0.13408	-0.27294	8.45632
											0.62249	-0.32082	8.76757
											0.76136	-0.48842	10.27591
											0.82839	-0.13886	11.87524
											0.95289	0.16759	12.36845
											0.31125	0.28252	11.20486
											-0.18675	-0.17717	10.13226
											-0.44532	-0.28252	9.45710
											-0.33040	-0.62249	9.34218
											-0.10056	-0.71347	10.07001
											-0.16759	-0.95289	10.85531
											-0.18675	-1.20668	10.52970
											-0.28252	-1.25935	9.64863
											0.15323	-1.01993	9.66779
											0.62249	-0.58897	11.07079
											0.22027	-0.34477	11.05163
											-0.53630	-0.04310	8.71968
											-0.47405	0.18196	6.79474
											0.24421	0.22984	7.32147
											0.84755	-0.13408	8.63828
											1.42694	-0.28730	10.50576
											1.74298	-0.50757	12.52646
											0.91459	-0.57940	12.68927
											0.40701	-0.82839	11.31021
											0.50757	-0.47405	9.73961
>	11:06:26	51.130587	17.045037	137.70	13	17	17	0.00	16.50	23.50	-0.55067	-0.67038	8.72926
											0.27773	-0.36392	9.37091
											0.96247	-0.11971	10.64462
											0.80924	-0.18675	10.78348
											0.15802	-0.06704	9.96946
											0.01915	0.16759	9.11712
											0.40701	0.26336	8.95431
											0.18675	0.32082	8.87291
											0.96247	0.25379	9.85453
											1.92494	0.22027	12.18649
											1.21625	-0.02873	11.64540
											-0.17238	-0.26336	9.55287
											-0.15802	-0.18196	8.08761
											0.65122	-0.64165	9.16500
											0.28252	-0.54109	10.41478
											0.24900	-0.70390	10.48182
											0.62728	-0.61292	10.24239
											1.24498	-0.67995	10.71166
											1.41258	-0.47405	11.65497
											1.12049	-0.35913	12.30620
											0.72305	-0.29688	11.63103
											0.00000	-0.08140	9.81144
											-0.19154	-0.05746	8.20253
											0.71826	0.00000	9.25598
											0.50757	0.03352	9.91678
											-0.46448	0.01437	9.84017
>	11:06:27	51.130652	17.045013	137.90	13	17	17	0.00	16.50	23.50	0.44053	0.34477	10.94629
											-0.51715	0.53630	8.30309
											-0.75178	0.60813	7.28795
											-0.60813	0.46448	7.47470
											0.08140	0.46448	9.05966
											0.90980	0.37828	9.60075
											1.28329	0.44053	9.70609
											1.29287	0.32561	9.79228
											1.38864	0.18196	10.57758
											0.89064	0.07183	11.79863
											0.14365	-0.16281	12.95263
											-0.21069	-0.19632	11.92791
											-0.18675	-0.45011	9.21768
											-0.93374	-0.57940	7.10120
											-1.79565	-0.60334	6.92403
											-0.68953	-0.89543	8.93995
											0.74699	-0.86670	11.77468
											0.62249	-0.77572	12.44506
											0.89543	-0.46926	12.88081
											1.04866	-0.31125	12.47858
											0.81882	-0.17717	11.16177
											0.25857	0.09577	9.97424
											0.07661	0.37350	8.85376
											0.73263	0.44532	8.16902
											1.29766	0.39744	8.32224
											1.14443	0.21069	9.55287
>	11:06:28	51.130696	17.044986	138.00	13	18	18	0.00	16.40	23.40	-0.28252	1.00556	9.44273
											0.62728	0.99599	11.62146
											1.41737	0.78051	13.75708
											1.59454	0.49321	15.01643
											0.97683	0.34955	14.43704
											0.43574	0.09577	12.05720
											-0.37828	0.22984	9.03572
											-0.90501	0.30646	6.61278
											0.12450	0.46926	5.45878
											1.64721	0.41180	6.22014
											2.06380	0.31603	8.27436
											2.16915	0.20590	11.03727
											1.88184	0.25379	13.45063
											0.81403	-0.01437	13.44105
											-0.48842	0.02873	11.98059
											-1.14922	0.10056	9.56723
											-1.16358	-0.03352	7.13951
											-1.01514	0.13886	5.85143
											0.04788	0.10056	7.69018
											1.01514	-0.08619	11.44907
											0.89064	-0.39744	13.58949
											1.10133	-0.61770	14.76744
											1.36469	-0.52672	14.32690
											1.25456	-0.53630	12.08114
											1.34554	-0.42138	10.54406
											1.30245	-0.84276	9.83538
>	11:06:29	51.130736	17.044957	138.00	13	18	18	0.00	16.40	23.30	0.18196	0.23942	9.41879
											0.54588	0.04788	9.53850
											0.76614	-0.00958	9.90721
											0.85712	-0.01915	10.10353
											0.88107	0.04310	10.01734
											0.77093	0.13408	9.45231
											0.59855	0.24900	8.52815
											0.48363	0.28252	7.98706
											0.51236	0.26336	8.28873
											0.57940	0.00479	9.07881
											0.42138	-0.06225	10.16099
											0.30167	-0.26815	11.13783
											-0.43096	-0.34477	11.37246
											-1.25935	-0.49321	10.57758
											-1.10612	-0.38307	9.66779
											-0.31125	-0.56982	8.77714
											0.22027	-0.72784	8.27915
											0.31125	-0.83318	8.03973
											0.96247	-0.88107	8.21211
											2.07817	-0.98162	10.91277
											1.94888	-1.26414	13.69005
											0.90501	-1.26414	14.28860
											0.46448	-1.25935	12.48337
											0.50278	-0.84276	9.78271
											0.32561	-0.77572	7.92002
											0.41659	-0.46926	8.09240
>	11:06:30	51.130812	17.044937	138.70	13	18	18	0.00	16.40	23.40	1.39821	-0.30167	12.09551
											0.31125	-0.56024	12.52168
											0.47884	-0.03831	12.85686
											1.20189	-0.16759	12.04283
											0.31125	-0.23463	10.71166
											-0.34955	-0.17717	10.53928
											0.42617	-0.41659	10.97502
											0.34477	-0.37350	10.62068
											-0.86670	-0.33519	9.61033
											-1.20189	-0.10534	8.94953
											-0.09577	0.00958	8.25521
											0.80924	-0.15802	8.14029
											0.46448	-0.12450	8.47547
											0.47405	-0.20590	10.88883
											2.51870	-0.38786	12.62702
											2.93529	-0.65122	12.28226
											1.47483	-0.78051	10.36211
											0.65122	-0.65601	10.03649
											0.96726	-0.92416	10.64941
											1.10133	-1.18752	10.91277
											0.89064	-1.24977	10.72602
											0.90022	-1.25935	10.39084
											1.06303	-1.16358	10.50576
											1.18274	-1.20189	10.47703
											0.83318	-1.05345	10.14184
											0.60813	-0.98162	9.47146
>	11:06:31	51.130828	17.044919	138.80	13	18	18	0.00	16.30	23.40	-0.26815	0.22027	10.84573
											0.15802	0.46926	11.04685
											0.68474	0.90501	10.28549
											0.67995	1.16358	9.38048
											0.58897	1.41258	9.24162
											0.54109	1.56581	9.15064
											0.63686	1.50356	8.69095
											0.93374	1.31202	7.96790
											1.53229	0.85234	8.92080
											1.88184	0.35913	10.96066
											1.69509	-0.28730	12.60787
											1.05345	-0.76614	11.72680
											0.45011	-1.19231	10.29507
											0.60334	-1.48919	8.96389
											0.67038	-1.64721	9.37091
											0.48363	-1.79086	10.52491
											0.49321	-1.87227	11.20486
											0.17717	-1.79565	11.28627
											0.10534	-1.83396	11.32936
											0.44532	-1.64721	11.20008
											0.30167	-1.50356	10.46266
											0.50278	-1.21625	11.03727
											0.98641	-1.03908	11.84651
											0.79009	-0.97683	11.45865
											0.11971	-0.64165	10.12747
											0.93374	-0.34477	11.36767
>	11:06:32	51.130912	17.044913	138.80	13	18	18	0.00	16.40	23.30	0.59855	1.44131	9.19852
											0.27773	0.96247	8.35576
											0.48363	0.19154	7.94875
											0.71347	-0.43096	8.97826
											0.72305	-1.16837	11.20486
											0.73741	-1.71904	12.70363
											-0.04310	-2.25055	10.66856
											0.04310	-2.43251	8.33182
											0.68474	-2.21703	7.75243
											0.95289	-2.15478	8.43238
											0.60334	-2.01113	9.41400
											1.18752	-2.20745	10.43393
											1.81002	-2.21224	11.97101
											1.74298	-2.69587	12.66533
											1.57060	-2.91135	12.71321
											0.99599	-3.09331	12.07635
											0.17717	-3.15077	10.18493
											-0.04310	-2.56658	8.95431
											0.90980	-2.00634	9.41400
											1.93930	-1.30245	11.19529
											2.00634	-0.70390	12.77067
											1.91057	-0.02873	12.98136
											1.71425	0.73741	12.41154
											1.03430	1.49398	13.37401
											0.13408	1.80523	12.39718
											-0.36871	1.81480	9.95988
>	11:06:33	51.130952	17.044876	139.10	13	18	18	0.00	16.30	23.30	0.15802	-1.00556	9.47625
											1.31681	-1.15401	11.69328
											1.73819	-0.97205	13.21120
											1.21625	-0.85234	13.40274
											0.55067	-0.45969	12.21043
											-0.01915	-0.05267	10.91756
											-0.36392	0.41659	10.07959
											-0.41659	0.54109	10.17536
											-0.34955	0.74220	10.86968
											0.02394	0.73741	11.55442
											0.57461	0.82839	11.05163
											0.45490	0.85234	10.66856
											0.45011	0.74220	10.21845
											0.24421	0.91459	10.82658
											0.40701	0.89064	10.30464
											1.19710	0.74699	10.88404
											1.03430	0.78051	11.44907
											0.57940	0.30167	9.80186
											0.78530	0.40701	9.01656
											1.31681	0.42617	9.79707
											0.89543	0.25379	10.05565
											0.48842	0.59376	9.70609
											1.20668	0.66559	9.57681
											2.19788	0.84755	10.31901
											1.90578	0.97205	11.37246
											1.05824	0.93374	10.92714
>	11:06:34	51.130952	17.044876	139.10	14	18	18	0.00	16.30	23.40	0.16281	0.33040	10.70687
											0.31125	0.41659	8.51857
											0.70390	0.33519	7.73327
											1.01993	-0.00958	8.22648
											1.93930	-0.34477	10.95587
											2.38941	-0.76614	14.12100
											0.97205	-0.88107	13.73793
											-0.82839	-1.13006	10.64462
											-0.85234	-0.95768	7.93438
											-0.23463	-1.09176	7.08205
											-0.13886	-1.00556	9.60075
											-0.19154	-0.74220	12.32535
											0.48363	-0.56982	12.45464
											0.95289	0.04788	12.41154
											-0.11013	0.76614	11.62624
											-1.09176	1.28329	9.52413
											-0.82839	1.90578	8.20253
											-0.17238	1.91536	8.61434
											0.30646	1.90578	9.67736
											1.12049	1.82917	10.43393
											1.79565	1.63285	11.42034
											1.25935	1.46525	12.71800
											0.08619	1.22104	12.77067
											-1.10612	0.86670	11.18571
											-1.56581	0.26815	8.79630
											-1.20668	-0.36871	6.87615
>	11:06:35	51.131023	17.044795	139.20	14	18	18	0.00	16.30	23.30	-0.94810	0.78530	15.35162
											-0.58897	0.16759	11.97580
											-2.44687	0.58897	8.23605
											-3.57694	0.43096	6.31590
											-1.57060	0.78530	9.74919
											0.92895	-0.32561	12.43070
											1.63763	-0.35913	11.88003
											-0.22984	-0.40223	9.82102
											-1.47962	-0.16759	10.31422
											-0.49799	-0.53151	11.50175
											0.79487	-0.88107	11.08037
											0.53630	-0.94810	10.55364
											-1.20189	-1.00078	11.54963
											-0.44532	-0.97205	12.27268
											1.03908	-1.81002	9.04529
											0.05746	-1.24498	6.10521
											-1.82438	-0.72784	7.24485
											-0.46926	-0.30167	10.88883
											2.48518	-0.45011	11.27669
											2.30322	-0.22984	9.13148
											1.05345	0.21548	10.33816
											0.96247	0.48363	11.89439
											1.21147	0.35913	10.36211
											1.10612	0.39744	8.63828
											0.23463	0.53151	8.56167
											0.10056	0.49321	8.44196
>	11:06:36	51.131023	17.044795	139.20	14	18	18	0.00	16.30	23.40	0.70390	3.31358	17.35317
											-0.60334	3.29921	10.96066
											0.37828	3.35188	6.40210
											1.75256	2.02549	9.63906
											0.64643	1.42216	13.76666
											0.59855	0.21069	14.97813
											1.26893	-0.94332	11.53048
											0.26336	-1.49877	6.95755
											-0.94332	-1.91057	4.41491
											0.42617	-1.69988	6.15310
											2.24576	-2.03986	8.41801
											2.77249	-1.84354	12.20085
											2.19309	-1.50356	15.06432
											1.88663	-1.14443	14.29338
											0.73741	-0.69432	9.84496
											-0.95768	-0.40223	6.62236
											-2.40857	-0.50278	5.50188
											-2.57616	-1.10133	7.75721
											-0.09577	-1.64721	11.05163
											2.50433	-1.77171	12.00453
											1.86269	-1.43652	10.86489
											-0.01915	-1.25935	10.36211
											-1.04387	-1.20189	9.73961
											0.79966	-1.13964	8.72926
											1.79565	-1.24020	9.13148
											1.15879	-0.83797	10.63026
>	11:06:37	51.131095	17.044715	139.90	14	18	18	0.00	16.20	23.40	0.20590	0.14844	9.91678
											-0.18196	0.57461	8.24084
											-0.38786	0.66559	7.38372
											-0.69911	0.70390	7.80989
											-0.52672	0.54588	9.75877
											0.27294	0.15802	12.07156
											0.82361	-0.06225	13.47936
											0.45490	-0.08140	13.29740
											-0.41659	-0.03831	11.52569
											-1.11091	0.68474	8.94474
											-0.97683	0.76614	7.93917
											-0.61770	0.65122	9.07881
											-0.02394	0.69432	10.71645
											0.19154	0.94332	11.10431
											0.40223	1.22583	10.60631
											0.42617	1.59454	9.79707
											0.58897	1.51792	9.01656
											0.43574	1.60412	8.77714
											0.09098	1.32160	8.63349
											0.36392	1.06781	8.71011
											0.71826	0.69911	9.04051
											0.29209	0.30167	8.94953
											0.17238	-0.23463	9.67257
											0.89064	-0.51236	12.18170
											0.97683	-0.87628	14.14015
											0.55545	-0.81882	14.70998
>	11:06:38	51.131018	17.044667	140.10	14	18	18	0.00	16.20	23.40	0.51236	-0.39744	10.34774
											-0.10534	-0.47405	9.26556
											-0.76136	-0.41180	7.48906
											-1.20668	-0.16759	6.14831
											-0.57461	-0.11971	6.38773
											0.23942	-0.32082	10.69250
											0.48363	-0.34477	12.44027
											1.27372	0.31603	12.95263
											2.01113	0.60334	12.28226
											0.93853	1.03430	11.39161
											-0.67516	1.24498	8.98304
											-0.83797	1.10133	7.76200
											0.40701	0.40701	8.34140
											1.47004	-0.37828	10.41478
											2.23140	-1.00556	12.48337
											1.84354	-1.25456	12.76110
											1.01514	-0.96247	11.14740
											0.67038	-0.81403	10.34774
											0.79487	-0.69432	10.23761
											0.66559	-0.75657	9.90721
											0.66559	-0.39744	9.40921
											0.45490	-0.34955	9.23204
											0.33040	-0.23463	9.48104
											0.00958	-0.19632	9.32781
											-1.28329	-0.20111	9.09797
											-1.22104	-0.27773	9.14106
>	11:06:39	51.130939	17.044636	140.50	14	18	18	0.00	16.20	23.30	-0.20590	1.24498	10.57279
											0.31125	0.43574	9.98382
											-0.21548	0.79487	9.71088
											-0.19632	-0.01915	9.77792
											-0.01437	0.09098	10.07001
											0.52194	-0.17238	9.71088
											0.57461	-0.42138	9.39964
											0.96726	-0.52672	10.12747
											1.34075	-1.02951	11.26711
											0.98641	-0.95768	11.45865
											1.08697	-1.30723	10.79306
											1.13006	-1.30723	10.01255
											0.63207	-1.08697	8.88249
											-0.03352	-1.08697	7.33583
											0.38307	-1.24498	7.22091
											1.48919	-1.49877	9.53371
											1.25935	-1.56581	11.99016
											0.08140	-1.39821	12.54083
											0.11971	-1.10133	12.31577
											0.39265	-0.90501	10.97023
											-0.18196	-0.76136	9.95030
											-0.27294	-0.57940	10.03170
											0.01437	-0.60813	10.49139
											-0.37828	-0.65122	9.98861
											-0.07661	-0.72305	9.24162
											0.09098	-0.89064	9.80186
>	11:06:40	51.130910	17.044564	140.50	13	17	17	0.00	16.20	23.40	-0.04788	0.96726	9.70131
											-0.54109	1.31681	9.29429
											-0.16759	1.30723	8.96389
											0.07183	1.18752	8.64307
											0.29209	1.28808	9.05008
											0.65601	1.13964	10.09874
											0.76614	1.05345	11.47301
											0.49321	0.83797	11.80341
											0.18196	0.75178	11.02290
											0.16281	0.71347	9.46189
											0.16759	0.57461	8.53772
											0.26815	0.36392	8.83460
											0.56503	-0.03352	9.94551
											0.80445	-0.40223	10.78827
											1.10612	-0.60813	11.58794
											0.88107	-0.90980	12.43070
											0.20590	-1.03430	11.92791
											-0.28730	-1.27372	10.26634
											-0.33519	-1.38385	9.37569
											-0.61770	-1.39821	8.95431
											-0.29209	-1.34554	9.18895
											0.56024	-1.08218	10.07001
											0.71347	-0.74699	11.22881
											0.17238	-0.44532	11.45386
											-0.10534	-0.12929	10.97023
											-0.00958	0.03352	10.02213
>	11:06:41	51.130834	17.044529	140.70	13	17	17	0.00	16.10	23.50	0.66080	3.06458	10.81700
											1.13006	3.16513	10.63026
											0.86191	-4.51546	9.27035
											1.05345	-6.28717	10.20409
											1.05345	-7.20176	11.31021
											0.61292	-7.14430	11.31021
											0.07183	-6.18183	10.73081
											0.19632	-4.58250	10.51533
											0.31603	-2.99275	9.65342
											0.46926	-1.81959	8.81545
											0.66080	-0.73741	8.61913
											1.03908	-0.00479	9.54329
											1.13964	0.30646	10.15141
											0.96726	0.41180	9.28950
											0.52672	0.70868	9.25119
											0.82839	0.66080	9.23204
											1.22583	0.72305	9.93594
											0.97205	1.09176	10.93671
											0.16759	1.70467	10.90798
											-0.19154	2.36068	9.87848
											-0.05746	3.01669	8.75799
											0.32561	3.66792	9.87369
											0.90980	3.52426	11.22881
											1.03908	3.51469	12.34929
											0.80924	3.11246	12.39239
											0.56982	2.14999	12.35887
>	11:06:42	51.130832	17.044471	141.10	13	17	17	0.00	16.10	23.40	2.46603	-5.26246	8.29351
											2.65756	-5.43005	9.30866
											2.92093	-5.15711	9.91199
											3.11246	-4.57293	10.09874
											3.13640	-3.60567	9.87369
											3.20344	-2.77727	9.67257
											3.37582	-2.06859	9.60554
											3.41892	-1.51314	9.59596
											3.59609	-1.24977	9.76355
											3.48596	-1.06303	9.66779
											3.39498	-1.01514	9.77313
											3.10767	-1.01993	9.70609
											2.65278	-0.86191	9.84017
											2.42772	-0.88107	9.62948
											2.19788	-0.67516	9.81623
											1.87705	-0.71347	10.07959
											1.48919	-0.70390	10.93671
											0.89543	-0.84276	11.41555
											0.12929	-0.94810	11.26232
											-0.39744	-0.95768	10.75475
											-0.33519	-0.86670	9.92636
											-0.01915	-0.91937	9.20810
											0.58419	-0.91459	8.90643
											1.43173	-1.28808	9.55287
											1.90100	-1.57538	10.61589
											1.92015	-1.97761	10.98460
>	11:06:43	51.130832	17.044471	141.10	15	19	19	0.00	16.10	23.40	-0.01915	-1.46525	9.49540
											-0.08619	-1.18274	9.02614
											0.15323	-0.97205	9.12191
											0.23463	-0.78051	9.04529
											-0.32082	-0.52672	9.26556
											-0.07183	-0.66559	10.34295
											0.42617	-0.83797	11.22402
											0.28730	-0.96726	11.02290
											0.27294	-1.09176	11.30542
											0.20111	-1.11091	10.87446
											1.83875	-1.21625	14.84405
											2.87304	-1.60412	21.27966
											1.69509	-1.33596	21.01151
											-0.61770	-1.24977	14.72434
											-2.02549	-1.29287	9.87369
											-3.72538	-1.66158	7.65187
											-5.15232	-1.60412	4.04620
											-4.52983	-1.89621	0.36392
											-2.34153	-2.45645	0.74220
											-0.76136	-2.52349	5.24330
											0.25379	-2.54743	9.46667
											0.80445	-2.21703	10.68293
											0.39265	-2.06859	9.95509
											-0.09577	-1.67594	8.53772
											-0.13408	-1.25456	7.80510
											0.96726	-1.42694	9.45231
>	11:06:44	51.130832	17.044471	141.10	16	20	20	0.00	16.10	23.50	-0.21548	2.12605	9.04051
											0.10056	2.13563	10.14663
											0.01915	1.86748	10.58716
											-0.49799	1.93451	10.18972
											-0.90980	1.97761	9.65821
											-1.27850	1.98719	8.72926
											-0.98641	1.78129	8.50420
											0.02873	1.41737	9.50019
											0.37350	1.51792	10.89362
											0.50278	1.58496	11.76032
											0.16759	1.73340	11.06600
											-0.29688	1.58975	9.12191
											-0.12450	1.58017	7.99185
											0.35434	1.21147	8.90643
											0.40223	0.91459	9.89284
											-0.17717	0.84755	10.23761
											-0.20111	0.69432	9.14585
											-0.29688	0.25379	8.55209
											-0.74699	-0.05746	9.23204
											-0.28730	-0.53630	11.18571
											0.15802	-0.98162	12.87602
											-0.49799	-0.76136	11.92791
											-0.85234	-0.96726	10.52970
											-0.72305	-0.76136	9.40442
											-1.05824	-0.56503	9.20810
											-0.25379	-0.56982	10.50097
>	11:06:45	51.130832	17.044471	141.10	16	20	20	0.00	16.00	23.50	0.94810	0.56503	8.61913
											1.43173	0.62728	10.49618
											1.43173	0.28252	12.06199
											1.15401	-0.16281	12.61744
											0.72305	-0.60334	11.79384
											0.35434	-0.87149	10.53449
											0.25379	-1.16358	9.09318
											-0.11013	-1.13964	8.19775
											0.00479	-1.13006	8.93516
											-0.21548	-1.21625	9.82580
											-0.31125	-1.28329	10.19451
											-0.07183	-1.31681	10.20888
											0.14844	-1.40779	11.10431
											0.11013	-1.36948	11.21923
											-0.36871	-1.41258	10.73560
											-0.59855	-1.44610	10.10832
											-0.53151	-1.22104	9.06445
											-0.30646	-0.95768	8.25521
											0.44532	-0.69432	9.17458
											1.09654	-0.37828	11.42513
											1.41258	-0.11971	12.54083
											1.07739	0.32082	12.26310
											0.45969	0.29688	11.08515
											-0.09098	0.67516	9.91199
											0.19154	0.54588	8.70532
											0.69432	0.54109	8.30788
>	11:06:46	51.130832	17.044471	141.10	17	22	22	0.00	16.00	23.40	0.32082	-0.50278	10.61589
											0.37350	-0.67516	10.91756
											0.96726	-0.77572	11.57836
											0.91937	-0.69432	11.56878
											0.31125	-0.68953	10.86968
											-0.04310	-0.50278	10.19451
											0.03352	-0.38307	9.57681
											0.23463	-0.25857	9.51456
											0.44532	-0.14365	10.33816
											0.44053	-0.10534	10.63983
											0.22027	-0.09098	11.03727
											0.16281	-0.20590	11.36767
											-0.13408	-0.34955	11.13304
											-0.32082	-0.43096	10.21366
											-0.28252	-0.36871	9.28471
											-0.43096	-0.53630	8.71968
											0.13408	-0.64643	9.43794
											0.92895	-0.98641	11.33894
											1.47962	-1.35512	12.73715
											0.88585	-1.63285	12.61744
											0.33519	-1.69988	11.24317
											-0.36871	-1.75256	8.31746
											-0.78051	-1.57060	4.76446
											-0.20111	-1.51314	4.92248
											0.65122	-1.12527	7.24485
											1.52271	-0.92416	9.53850
>	11:06:47	51.130832	17.044471	141.10	16	22	22	0.00	16.00	23.40	0.73741	-0.63207	11.18571
											1.22583	-0.81403	11.70765
											0.79009	-0.98162	10.81221
											-0.15802	-0.82839	9.58160
											0.14844	-0.74220	8.90164
											1.24020	-0.85712	9.81144
											1.17316	-0.88107	10.57758
											0.35913	-1.01514	10.81221
											0.51236	-0.83318	10.82179
											0.78051	-0.65601	10.77391
											0.38307	-0.45490	10.36689
											-0.17717	-0.28252	9.87848
											-0.54588	0.01915	9.21768
											-0.20590	0.28252	8.53294
											0.01437	0.52672	8.52815
											0.61292	0.54109	9.28471
											0.98641	0.58897	10.04607
											1.09176	0.59376	11.39640
											0.87149	0.49321	11.99016
											0.49799	0.47884	11.41077
											-0.05267	0.65122	10.04128
											-0.58419	0.76136	8.42759
											-0.48842	0.69432	8.01100
											0.58897	0.55545	9.44752
											1.13006	0.41180	11.03248
											0.77572	0.23942	11.49696
>	11:06:48	51.130832	17.044471	141.10	16	21	21	0.00	15.90	23.40	-0.33519	-0.29688	8.96868
											-0.15323	-0.27294	8.69574
											0.22984	-0.33998	9.41400
											0.70390	-0.23942	10.44351
											1.12527	-0.23463	11.45865
											0.97683	-0.19632	12.16254
											0.69432	-0.03831	11.46344
											0.37828	0.18675	10.37168
											-0.05267	0.43096	9.36133
											0.00479	0.47884	8.85855
											0.39265	0.37828	9.15543
											0.67516	0.20590	10.06044
											0.80924	-0.07661	10.93671
											1.00556	-0.31125	11.83693
											0.62728	-0.39265	12.36845
											-0.02873	-0.45011	11.53048
											-0.74699	-0.29688	8.92558
											-0.22505	-0.27294	7.47949
											1.02472	-0.42617	8.28394
											1.40779	-0.42617	10.20888
											1.15401	-0.39744	11.76990
											1.20189	-0.36871	12.21522
											1.07739	-0.27773	11.81778
											0.35434	-0.24900	10.44351
											-0.27294	-0.03352	8.81066
											-0.05267	0.10534	7.78116
>	11:06:50	51.130832	17.044471	141.10	16	22	22	0.00	15.90	23.40	0.52194	-0.13408	9.78271
											0.47884	-0.34955	9.95988
											0.74220	-0.47405	10.42435
											0.63207	-0.65601	11.24317
											0.45969	-0.65601	11.60709
											0.15323	-0.71826	10.86489
											0.04310	-0.74699	9.19373
											0.00000	-0.70390	8.52336
											0.23942	-0.68953	9.17458
											0.24900	-0.89064	10.11790
											0.20590	-1.14443	10.59195
											0.52672	-1.29287	10.91756
											1.38864	-1.39821	10.88883
											1.78129	-1.13485	11.02769
											1.26893	-0.98162	11.11867
											0.45490	-0.74220	10.63983
											-0.32561	-0.66559	9.34218
											-0.27773	-0.43574	9.08360
											0.02873	-0.38307	10.06044
											0.44532	-0.37350	11.04206
											0.34955	-0.12929	10.03170
											0.11013	0.36392	9.05487
											0.46926	0.24900	10.08438
											0.72784	0.19154	11.45386
											0.48363	-0.05267	10.98939
											0.52194	-0.09098	10.33816
>	11:06:51	51.130832	17.044471	141.10	16	23	23	0.00	15.90	23.50	0.28730	-0.59855	10.45308
											0.51715	-1.18274	11.29106
											0.29688	-1.23541	11.30063
											0.19154	-0.99599	10.63504
											0.33998	-1.00556	9.88326
											0.21548	-0.87149	10.09874
											0.35434	-0.92416	10.84095
											0.80445	-1.05345	11.31979
											0.76136	-0.92416	10.89362
											0.18196	-0.67995	10.74997
											-0.12929	-0.42617	9.46189
											-0.10056	-0.29209	8.52815
											0.62249	-0.23942	8.89207
											0.91937	-0.23463	9.99819
											1.19231	-0.05267	10.29028
											1.31202	0.15323	10.20888
											1.67115	0.30167	10.39084
											1.34554	0.53630	9.95509
											1.67115	0.65122	9.54808
											2.06380	0.48842	10.39084
											1.69031	0.45490	11.53526
											1.31681	0.43096	11.33894
											1.56581	0.27773	11.01812
											1.58496	0.36392	10.26155
											0.53630	0.58419	9.43794
											0.25857	0.45490	9.31823
>	11:06:52	51.130832	17.044471	141.10	16	21	23	0.00	15.90	23.40	0.01437	1.01514	8.74362
											0.53630	1.01993	9.52413
											0.35434	0.97683	10.01734
											0.11013	1.06781	10.43393
											0.51715	0.94332	10.70687
											1.13006	0.90022	10.27112
											1.03908	0.93374	9.95988
											0.87628	0.77093	10.07959
											0.80445	0.65122	9.92636
											0.50757	0.61292	9.53371
											0.01915	0.50757	8.76278
											0.21548	0.20111	8.58082
											0.92895	-0.28730	9.75877
											1.26414	-0.47405	11.00375
											0.79966	-0.61292	11.31979
											0.60334	-0.63686	11.20008
											0.51715	-0.77572	10.27112
											0.72784	-0.81882	9.88326
											0.85234	-1.00556	10.15620
											0.71826	-0.89064	10.39562
											0.57461	-0.89064	10.70208
											0.32082	-0.81882	10.27112
											-0.05746	-0.75178	9.47625
											-0.14844	-0.82839	8.86333
											0.19154	-0.92895	9.31344
											0.37828	-0.92895	9.62469
>	11:06:53	51.130678	17.043719	141.10	16	23	24	0.00	15.90	23.40	1.60412	-0.07661	10.29986
											1.89621	-0.30167	11.21444
											2.10211	-0.52194	12.13381
											2.20267	-0.83797	11.93749
											2.23140	-1.19231	10.89362
											2.44209	-1.25456	10.33816
											2.64320	-1.22583	9.92636
											2.68629	-0.99120	9.70131
											2.71024	-0.59855	9.25119
											3.10289	-0.27294	9.31823
											3.31836	0.05267	9.59596
											3.42371	0.27294	9.94551
											3.28484	0.32561	10.37647
											3.24175	0.37350	11.12346
											2.86347	0.24421	11.32457
											2.14042	0.17717	10.70687
											1.40779	0.20111	9.66779
											1.24977	0.13408	9.15064
											1.34554	0.10534	9.25598
											1.15401	-0.00958	9.63906
											0.99599	-0.00958	9.81623
											1.19710	-0.11492	9.69173
											1.54665	-0.16281	9.88805
											1.99198	-0.16759	10.53928
											2.57137	-0.10056	10.86010
											2.77249	-0.08619	10.97023
>	11:06:54	51.130639	17.043672	162.90	14	21	23	0.00	15.80	23.40	2.01113	-1.70467	10.71166
											1.37906	-1.92973	9.82580
											1.56102	-1.72861	10.58237
											1.74777	-1.41258	10.63983
											1.44610	-0.67516	9.88326
											1.12049	-0.19632	10.18972
											0.99120	0.23942	10.03170
											1.25935	0.62728	10.33816
											1.51314	0.77093	10.33337
											2.09732	0.73741	9.72046
											2.28886	1.29766	10.35732
											1.69509	1.58496	11.11388
											2.22182	2.22182	11.12346
											2.56180	2.62405	10.54885
											1.62806	2.85389	9.34696
											1.20668	2.84431	9.86411
											0.93374	2.49955	9.69173
											0.65122	1.94409	9.08360
											0.35434	1.81480	10.54885
											0.04788	1.25935	10.85531
											-0.02873	1.10133	11.18092
											-0.18196	0.86670	10.32859
											-0.08619	0.92416	9.74919
											0.12929	0.75657	10.16099
											0.31603	0.73263	10.46745
											0.76136	0.67516	10.40999
>	11:06:55	51.130662	17.043638	159.30	14	20	21	0.00	15.80	23.40	-0.28730	0.48842	8.39886
											0.22027	0.33998	9.58638
											0.82839	0.43096	11.94707
											0.62728	0.28252	12.05241
											-0.09098	0.25379	9.51935
											0.49321	0.67516	9.41400
											1.45089	0.64643	12.80419
											1.22104	0.67516	14.36521
											1.13964	0.33040	15.06911
											1.37427	0.34955	14.95418
											0.06225	-0.11492	13.95820
											-1.77650	0.16759	11.08994
											-1.73819	0.46926	9.53850
											-1.13964	0.77093	9.74440
											-1.13964	0.55545	10.32380
											-0.90022	0.84755	9.97424
											0.10056	1.17316	10.10353
											0.45011	1.38385	10.68293
											-0.04788	1.37906	10.83616
											-0.40701	1.34075	11.01333
											-0.11971	1.30245	10.73560
											0.40223	1.08697	10.45308
											0.20590	1.19231	10.88883
											-0.12929	1.42216	10.51533
											-0.51715	2.02549	9.68215
											-0.02873	2.28886	10.61110
>	11:06:56	51.130691	17.043646	158.20	12	18	20	0.00	15.80	23.50	0.16759	-0.29209	9.65342
											-0.04788	-0.17717	9.31344
											0.05267	0.00958	9.20810
											0.44053	-0.02394	9.88805
											1.03908	-0.15323	11.07558
											1.44131	-0.19154	12.15297
											1.49398	-0.35913	11.98537
											0.98641	-0.18675	11.09952
											0.51236	-0.32082	9.91678
											0.25857	-0.31125	8.96868
											0.31125	-0.32082	8.48026
											0.42138	-0.27294	9.21289
											0.55067	-0.31603	10.10832
											0.43096	-0.31125	10.77870
											0.44532	-0.25379	10.95108
											0.50757	-0.15802	11.36288
											0.33040	0.00479	11.83693
											-0.35434	-0.01437	11.28627
											-0.27773	0.11492	10.19930
											-0.11013	0.01915	9.73482
											0.22505	0.08619	10.19451
											0.25379	0.31125	10.40520
											0.08619	0.73263	9.96467
											-0.36392	1.19710	9.24162
											-0.73741	1.62327	8.70053
											-0.68953	1.76692	9.65342
>	11:06:57	51.130734	17.043675	153.70	12	18	20	0.01	15.80	23.60	-0.25379	-2.70545	9.00699
											-0.34477	-2.11647	9.04529
											-0.04310	-1.63285	9.67736
											0.15802	-0.99599	10.70687
											0.23942	-0.47405	10.86010
											0.15802	0.02873	10.71166
											-5.82749	-9.12191	-5.82749
											0.13408	0.31603	9.09318
											0.04310	0.00479	9.92636
											0.46448	-0.30167	10.84095
											0.97205	-0.66080	11.36288
											0.54588	-1.01035	11.08515
											0.23463	-1.11091	10.62068
											0.23942	-1.19231	9.96946
											0.44053	-1.05345	9.39485
											0.76614	-0.87149	9.79228
											0.33519	-0.54588	10.38126
											0.33040	-0.31603	8.76278
											1.86748	-0.00958	11.34852
											2.14520	-0.10534	14.68603
											0.57461	-0.01915	14.73392
											0.50757	0.79009	13.56076
											0.83797	0.62249	11.26232
											-0.47884	0.38786	9.33260
											-1.13006	0.24900	9.41400
											-0.02873	-0.09098	10.61589
>	11:06:58	51.130690	17.043688	152.00	12	18	20	0.01	15.70	23.70	0.67516	-0.67038	11.15219
											0.18196	-0.45490	10.10353
											0.05267	-0.33519	8.92558
											0.12929	-0.41180	9.51935
											0.66559	-0.50757	10.65420
											0.49321	-0.74699	11.19050
											0.34477	-0.66559	10.55843
											0.35434	-0.74220	9.16500
											0.90980	-0.72305	8.90643
											1.51792	-1.07739	9.46667
											1.05345	-1.10133	10.31901
											1.13485	-1.20189	10.54406
											1.63285	-1.31202	10.06044
											1.75256	-1.18274	10.32380
											2.15478	-1.06781	10.44830
											2.03507	-0.79009	10.98460
											2.52349	-0.41180	12.00932
											2.71024	-0.36392	11.98059
											1.68552	-0.11492	10.95587
											1.01993	-0.07183	9.55287
											1.02951	-0.14365	8.82024
											1.07739	-0.33040	9.43794
											1.55623	-0.57940	11.08037
											1.24977	-0.75178	11.71243
											0.68953	-0.86670	10.89362
											0.92416	-0.90022	10.25676
>	11:06:59	51.130668	17.043686	151.90	11	16	18	0.01	15.70	23.70	-0.39265	-3.30400	7.81467
											0.64165	-3.63919	9.45231
											0.98641	-3.68228	10.09395
											0.50757	-3.47159	8.93995
											0.22505	-3.25133	7.92002
											0.52672	-2.81558	8.20253
											0.83318	-2.37505	9.86890
											1.05345	-1.78607	11.16177
											1.35512	-1.24977	11.04685
											1.32639	-0.85234	10.40041
											1.21147	-0.60813	10.14663
											0.95768	-0.42138	9.66779
											0.87149	-0.21548	10.00776
											1.30245	-0.26815	10.94629
											1.29287	-0.37350	12.10987
											0.79966	-0.64165	12.78025
											-0.05267	-0.80924	11.95185
											-0.82361	-0.83797	8.65743
											-1.47962	-0.82839	4.60644
											-0.16759	-0.82839	3.83551
											2.45166	-1.15879	9.38048
											3.24175	-1.66158	14.31733
											2.48997	-1.21147	15.03080
											1.49877	-0.55545	12.10508
											-0.73263	-0.10056	6.49307
											-1.31681	-0.10056	3.83072
