>	11:24:00	51.133830	17.037166	119.50	22	31	34	0.01	5.30	41.50	-0.07183	-1.07739	10.45308
											-0.86191	0.39744	11.93749
											-0.90022	-0.39744	9.36133
											1.36469	-0.75178	10.92235
											1.26893	-0.51236	9.75398
											1.33596	-0.45969	9.12191
											0.56024	-0.49321	10.13705
											1.83396	-0.28730	10.66856
											-0.56024	0.24421	8.88249
											1.89621	0.54588	12.23437
											-0.70390	2.32238	9.90721
											-1.40779	1.20189	9.50498
											-0.45011	-0.56982	10.90798
											0.86670	-1.54187	13.93425
											-2.58095	-1.65200	7.45554
											1.66158	-2.07338	12.39239
											2.21703	-0.58897	12.75152
											-0.97205	-0.48363	7.13951
											1.19710	-1.45089	12.04762
											0.18196	-0.97205	7.71891
											0.87149	-0.34955	8.94953
											0.27773	-0.67038	11.85609
											-0.01437	-0.34955	7.72369
											0.64165	-0.26815	14.18804
											-0.95768	0.30167	10.34774
											0.60813	0.22505	7.92960
>	11:24:01	51.133815	17.037117	119.50	22	31	34	0.01	5.30	41.60	0.49799	-0.27294	13.01009
											1.03908	-0.09098	8.44196
											0.32082	0.59376	8.97826
											-0.20111	0.50278	11.46823
											-0.60334	1.28329	8.36534
											-0.38786	0.07183	13.36443
											0.21548	-0.31603	11.94707
											-1.40779	0.33519	5.10444
											1.51314	0.39265	13.56076
											-0.43096	1.15879	6.82826
											-0.82361	0.24421	10.60153
											2.51870	-0.84755	14.89193
											0.81403	-0.45011	11.63103
											-0.27294	0.23463	6.89530
											1.25456	-1.28808	14.10185
											1.42694	-1.43173	12.95742
											-2.02071	-1.76213	5.47315
											0.19632	-1.19710	10.91277
											0.73263	0.22027	10.14663
											-0.68953	0.67995	12.88559
											-0.83318	0.34955	9.29429
											2.42293	-0.17717	7.78116
											-0.38307	-1.74777	14.82011
											2.74854	-0.87149	6.95755
											2.31280	-1.19710	14.70998
											-0.18675	0.47405	9.64863
>	11:24:02	51.133800	17.037067	119.60	21	30	32	0.01	5.30	41.50	-0.49799	-1.78607	10.15141
											1.13006	-0.43096	10.69729
											1.52271	-0.31603	12.59350
											-0.69911	-0.67038	9.57681
											-0.76136	-0.43574	7.93438
											1.61848	-0.65601	10.83137
											0.58419	-0.81403	14.64773
											-0.87628	-0.20111	6.12437
											-0.41180	1.01514	10.42914
											0.33998	0.84755	13.39795
											-1.47004	0.63686	9.65821
											0.49321	-0.26815	13.06755
											1.09176	-0.98162	4.55856
											2.62405	-1.45567	12.22001
											0.71826	-1.21147	11.21923
											0.11492	0.05746	10.00776
											-0.16281	0.34955	8.48984
											0.34477	0.67995	11.82736
											-0.72784	0.78530	11.20008
											-1.08697	0.20111	11.93270
											-0.00958	-0.54588	10.52491
											-2.04465	-1.15879	9.06445
											0.79966	-1.15401	10.95587
											1.02472	-1.18274	11.65019
											1.01035	-1.59454	8.71011
											1.13006	-1.77171	8.31267
>	11:24:03	51.133786	17.037016	119.90	21	30	32	0.01	5.30	41.50	0.03352	-0.90022	7.55131
											-0.56503	0.80445	9.57202
											1.20189	1.42694	10.38605
											-0.62249	0.55067	10.78348
											1.17316	-0.47884	13.26388
											-0.17717	-0.23942	8.93516
											1.77171	-0.81403	12.33493
											-1.19710	0.15323	6.44519
											-1.50356	1.22104	8.92558
											3.26569	1.23062	8.27436
											-0.03352	1.64242	12.36366
											-0.04310	0.95289	8.05888
											-0.57461	0.90022	10.58716
											0.36871	-0.14844	12.73236
											0.22984	0.33040	10.16099
											-1.31202	1.35512	9.99340
											2.41814	0.47405	10.91756
											1.28808	-0.48363	13.01967
											0.20590	-0.62728	6.27760
											-1.07260	-0.64165	10.26155
											0.47884	0.28252	12.55519
											-0.48363	-0.71826	11.39161
											1.57538	-1.85790	13.55597
											-1.46046	-1.95367	6.15789
											1.35033	-1.08218	7.72848
											1.49398	-1.41737	16.44338
>	11:24:04	51.133771	17.036964	119.90	21	30	32	0.01	5.30	41.50	1.03908	-1.67594	5.33907
											0.76136	-0.62728	15.08826
											0.77093	0.93853	1.80044
											1.15879	1.32639	17.33881
											0.27294	2.76770	9.50977
											-2.23618	3.33752	7.74764
											-1.51314	0.49799	13.60385
											-0.79009	-2.14042	9.01656
											1.35512	-3.43807	9.04051
											-0.33998	-1.85311	10.89362
											1.24498	-0.61770	9.65342
											1.24020	-0.44053	9.72525
											-0.38307	-1.06781	11.16656
											1.73340	-1.52750	7.62314
											1.02472	-0.90980	12.40675
											1.06781	-0.14844	8.27915
											2.03507	-0.99599	15.13614
											-1.07739	-1.25456	5.52582
											-0.47884	-1.35512	14.97334
											-3.74932	-0.22027	1.68552
											2.10211	0.00958	14.22635
											-0.62249	-1.06303	10.72602
											-1.55623	0.40223	9.43316
											1.19710	0.72305	13.22557
											-1.09176	0.61292	6.80911
											1.29766	0.54588	11.97580
>	11:24:05	51.133757	17.036914	119.80	21	30	32	0.01	5.30	41.60	-2.26970	-1.50356	8.90164
											0.27773	-2.12605	10.36211
											-1.69031	-2.18351	11.63582
											0.77572	-1.90100	10.59195
											0.59376	-1.40300	13.98214
											0.13886	-1.06781	10.36689
											1.93451	0.03352	9.96946
											2.87304	-0.62249	13.85285
											-0.59376	0.10534	1.80044
											4.09408	-1.19710	23.08489
											-3.09810	-0.68474	2.05422
											-1.24498	-0.31603	7.34062
											-0.14844	-1.09176	15.92623
											-5.74608	0.60334	-1.74298
											2.01113	0.34477	15.56231
											-0.53630	0.67995	8.57603
											1.12049	0.71347	10.02213
											2.67672	0.07661	11.88482
											-0.31603	0.18675	10.06044
											1.36469	-0.07183	10.02692
											2.49955	-0.90022	11.98537
											-4.45322	0.37350	5.42047
											2.55222	-0.01915	10.16578
											2.23140	0.64165	14.72913
											-0.42138	0.71347	7.87692
											-0.90022	-0.55545	11.66455
>	11:24:06	51.133745	17.036864	119.90	21	30	32	0.01	5.30	41.50	3.15556	0.38307	18.25339
											1.75256	1.37906	8.33661
											0.20590	-0.25379	8.35576
											0.77093	-1.08218	10.77870
											0.84755	-1.87227	14.39394
											1.26893	-0.99599	8.04452
											-0.63207	-1.48441	9.04529
											-0.17717	-0.94332	9.18895
											0.34955	0.64643	10.72602
											-1.86269	0.96726	10.33816
											-0.89064	0.97205	11.92791
											-1.48441	-0.48842	8.73884
											0.25857	-1.25456	8.53294
											0.86191	-1.47004	11.65497
											-0.17238	-0.52672	8.16902
											2.96402	-0.63207	13.97256
											0.18675	0.56982	5.90889
											1.87705	0.61292	11.67413
											0.26336	1.87227	7.49864
											0.43574	1.79086	14.82011
											-1.63285	0.63207	9.96467
											-0.95768	-0.21069	12.38760
											-2.40857	-0.50757	7.84340
											0.50278	-0.89543	13.05798
											0.18196	-1.05345	12.16254
											-0.32082	-1.53229	5.69820
>	11:24:07	51.133733	17.036821	119.80	21	30	32	0.01	5.30	41.60	0.40701	-1.18274	13.48893
											-0.72784	-0.98641	9.02614
											-1.09176	-0.68953	9.12670
											-0.35913	-0.19154	9.33260
											1.08697	0.94810	14.02044
											-1.18274	1.24977	6.62236
											0.34477	0.08140	14.85363
											-1.70946	-0.25379	9.00220
											-0.08140	0.34477	6.84742
											1.65200	0.33519	12.97657
											0.29209	0.50278	9.46667
											1.82438	0.45011	11.62624
											1.94409	1.22104	8.61434
											-0.64643	1.86269	10.96544
											-0.36871	1.26414	6.26323
											0.41659	0.33040	12.73236
											-0.90022	-0.76136	13.24951
											-2.83473	-0.73263	6.14831
											1.22583	-0.96726	15.34204
											-0.27294	-0.55545	9.71088
											0.20111	-1.08697	9.24641
											1.51314	-0.57940	9.05487
											1.29766	0.12929	11.36288
											1.91536	0.06704	12.25352
											0.21069	-1.31202	9.76355
											-1.00556	-2.43251	10.30943
>	11:24:08	51.133721	17.036774	119.70	19	28	32	0.01	5.30	41.60	0.68474	-0.91937	15.70117
											1.42694	-0.86191	6.35900
											3.31358	-0.94810	12.65096
											-0.90501	-0.37828	7.19218
											0.80445	-0.57940	12.87123
											-0.39744	0.92895	8.47069
											0.09577	0.75178	8.48505
											-0.48842	0.55545	13.37401
											-2.25534	-0.27294	11.69807
											-2.00634	-0.55067	8.30788
											0.60334	-0.00958	9.95030
											0.39744	-0.19632	11.31021
											-0.11013	-0.80445	8.47069
											1.48441	-1.18752	13.62301
											1.22583	-0.11971	6.01902
											1.32639	-1.78607	16.46253
											-3.26090	-2.14042	1.81002
											1.50835	-2.47560	16.37634
											-0.53151	-0.68953	9.61511
											-1.25456	1.37906	5.62637
											0.55067	1.78129	13.74272
											-1.25935	2.46124	7.02938
											3.05500	1.13485	12.82334
											-1.75734	0.27294	7.08205
											1.77650	0.28252	12.25831
											0.60813	0.37828	8.75799
>	11:24:09	51.133710	17.036731	120.00	19	28	32	0.01	5.30	41.60	-0.84755	-1.15879	8.86812
											-0.74699	-1.08218	12.93348
											-0.87149	-1.80523	13.10107
											-1.30245	-1.38385	9.06445
											0.08140	-0.49321	12.32056
											-0.16759	0.28252	12.27268
											-0.75178	-0.05267	9.01178
											1.12049	-0.19632	9.24641
											2.39420	-0.39744	14.94461
											-0.92416	-1.32160	11.00375
											-1.96325	-1.64721	6.67982
											-0.98641	-0.12929	11.63103
											1.04387	0.25379	15.00207
											-3.46680	0.08140	4.39575
											2.31759	0.07661	18.43056
											-2.83952	0.64165	0.63207
											4.25689	-1.13006	15.35162
											0.55545	0.11492	6.65109
											1.17795	0.32082	10.26155
											-0.01437	0.69432	10.63026
											-0.51236	0.37828	8.17380
											-0.28252	-0.61292	12.62702
											-2.12605	-0.72305	6.58405
											3.74453	-1.65200	19.47923
											-3.19387	-1.70946	6.28717
											3.69665	-0.87149	12.70363
>	11:24:11	51.133687	17.036665	120.10	19	29	33	0.01	5.30	41.60	-2.40378	0.32082	4.64475
											4.84586	-0.79009	14.20240
											0.31603	-1.54187	9.01178
											0.26336	-1.19710	10.40041
											-1.00556	-0.05267	11.14740
											-0.98162	0.12450	6.78996
											1.39343	0.46448	12.09072
											-0.30646	0.89543	9.11712
											-0.25857	-0.20111	9.69652
											2.54264	-1.15879	11.04685
											2.22182	-0.62728	11.70286
											-1.92973	-0.19154	8.29830
											-2.25055	-1.60890	8.06367
											-0.06225	-1.82917	11.02769
											1.74777	-0.53630	14.45140
											1.17316	-0.08140	8.99262
											-1.13485	-0.41180	7.14430
											2.64799	-0.04310	9.36133
											0.93374	-0.29209	12.12903
											2.09253	-0.48363	10.15620
											0.38786	-1.27850	5.58328
											1.12527	-0.96726	10.08917
											1.64721	-1.05824	14.37479
											-1.40300	-0.29209	6.11000
											-0.04310	-0.25857	11.83693
											-1.27850	-0.66080	9.20810
>	11:24:12	51.133676	17.036620	120.10	19	29	33	0.01	5.30	41.70	-0.97683	0.26815	7.46033
											0.53151	-0.09577	16.60618
											-0.41659	-1.01035	8.62870
											1.77171	-0.14844	6.84263
											2.28886	1.09176	17.42500
											-1.09176	0.96247	7.76200
											-1.43173	0.77093	8.31746
											0.18675	1.36469	14.55675
											-1.88663	1.00556	10.52970
											-0.30646	0.35913	9.44752
											0.79009	0.60334	14.35085
											-0.79966	0.28252	7.14430
											0.08619	-0.80924	11.25275
											2.14520	-0.94810	13.78581
											-0.07183	-0.20111	1.80523
											3.28963	-1.87705	16.45774
											0.49799	-1.65200	8.29351
											0.89543	-2.37984	7.75721
											1.15879	-1.73819	11.08037
											-0.52672	-0.61770	9.10754
											-0.09098	-0.01437	12.76588
											-0.11971	0.41659	13.02925
											-1.50835	0.34955	5.94720
											1.69031	-0.58897	13.26388
											0.09098	-0.75657	8.83939
											1.81959	-0.74699	10.03170
>	11:24:14	51.133654	17.036487	120.30	18	29	31	0.01	5.30	41.70	-1.15879	0.13408	4.69264
											1.09654	-0.33040	12.10987
											0.66080	-1.25456	12.55998
											-1.39343	-0.74220	4.70221
											1.47962	-0.56503	15.48570
											-0.66559	-0.80445	8.89685
											0.85234	-1.44610	8.68616
											1.40300	-1.38385	14.06354
											-0.59376	-1.14922	10.39562
											0.90022	-0.45969	7.82904
											1.47004	-0.09577	11.57836
											0.84755	0.04788	11.66455
											0.86670	0.03831	9.15064
											-0.35913	-0.18196	8.65743
											1.53229	-0.88107	14.59505
											-1.40300	-0.58897	7.03416
											-0.56024	-0.93374	7.68060
											2.13084	-1.02472	14.35085
											-1.04866	-0.32082	8.11156
											1.14443	0.18196	12.48337
											-0.40701	0.46448	6.12437
											0.74699	0.48842	15.90229
											-0.92895	1.28329	7.73327
											1.34075	1.24977	10.01734
											1.56581	0.49321	10.85531
											1.04387	0.34955	10.57279
>	11:24:15	51.133643	17.036434	120.40	18	28	31	0.01	5.30	41.70	-1.07739	-0.62728	10.52491
											-2.12605	0.17717	-0.63686
											0.21548	-0.31603	17.21431
											0.18196	-0.54588	8.93516
											4.70700	-0.11971	22.85505
											-5.89452	0.10534	2.66235
											-2.21224	0.46926	-0.04310
											1.09176	-0.79487	14.37000
											-0.73263	-1.64721	7.68060
											-0.61292	-1.10612	12.24874
											-1.30245	-0.06225	9.40442
											-0.17717	-0.64643	10.63983
											1.20189	-1.07260	10.99896
											-0.16759	-0.67516	9.37569
											-1.86269	-0.30167	10.60631
											0.01915	-0.39744	11.01812
											3.54342	-0.59376	9.91678
											5.05655	-0.98162	12.97178
											2.28407	0.09098	12.01410
											-4.79319	1.14443	2.75812
											-0.61292	1.43173	9.85453
											-1.16358	1.45089	13.70920
											-2.48518	1.58496	10.21366
											-2.48997	0.52194	10.13705
											-2.98796	0.51236	10.62547
											-2.72460	0.31603	10.77870
>	11:24:17	51.133623	17.036353	120.40	18	26	30	0.01	5.30	41.70	1.42216	-0.74220	10.72602
											2.02071	-0.60813	10.71645
											0.36871	-0.22984	11.09952
											-0.71826	0.57940	9.54808
											-0.72305	0.62728	11.23359
											-1.46525	0.69911	10.40520
											-1.33596	1.10612	10.12747
											-0.80924	1.03908	11.06600
											-1.85790	0.51236	8.94474
											-1.78129	-1.09176	11.05642
											-1.63285	-1.84832	10.22324
											-0.22505	-1.42694	10.81700
											0.87628	-0.35434	10.13226
											1.63285	-0.10056	10.16099
											1.88184	-0.51715	10.33816
											1.24020	0.02873	10.22324
											0.77572	1.10612	9.63906
											-0.76614	1.74777	10.74039
											-1.58017	1.06781	10.86489
											-2.14042	0.26336	11.45386
											-1.98719	1.05345	10.41478
											-1.35991	2.33195	9.67736
											0.17717	2.54264	11.28627
											0.29209	1.94409	10.26634
											1.13006	0.88585	10.59195
											0.35434	0.19632	10.20888
>	11:24:18	51.133599	17.036311	121.50	18	26	30	0.01	5.30	41.70	-0.60334	-0.35434	11.29106
											-1.35512	-0.27773	11.24796
											-0.94810	-0.05267	9.55287
											0.90501	0.26815	11.75553
											0.45969	0.23463	10.53449
											0.42617	-0.04310	9.60075
											1.12527	0.14844	10.24239
											0.68953	0.59376	8.80109
											0.79966	0.18675	10.28070
											1.36469	-0.46926	10.96066
											0.74220	-0.80445	10.89362
											-0.47884	-0.38307	8.87291
											0.07661	-0.15323	11.02290
											-0.01437	0.52672	11.47301
											-0.34477	0.95289	9.94073
											0.55067	0.56503	10.57758
											0.94810	0.42617	13.57034
											0.72784	0.14365	12.77546
											-0.52672	0.48842	8.45153
											0.95289	0.75657	10.71166
											0.93374	0.90501	9.89284
											1.32160	0.60813	11.33894
											-0.15323	0.63686	6.31590
											-0.30646	-0.02873	11.01812
											-0.37828	-0.66080	9.49062
											0.13886	-0.90022	12.54562
>	11:24:18	51.133599	17.036311	121.80	18	27	32	0.01	5.30	41.70	0.63686	-0.78051	10.07001
											-0.01915	-1.39821	9.98861
											0.90501	-1.43173	10.89362
											0.16759	-1.09654	10.80264
											-0.54109	-0.60334	9.85453
											0.22984	0.38786	14.21198
											-0.58419	1.68552	9.73482
											0.61770	1.77171	11.48738
											0.80924	1.27850	10.63026
											0.65122	1.17316	10.52970
											1.56581	1.24020	11.89918
											0.79487	1.28329	8.62870
											1.76213	1.05345	10.16099
											1.63285	1.07739	10.61589
											0.73263	1.01514	11.26232
											-1.41737	0.45490	9.07402
											-0.49321	-0.35913	10.09395
											-0.37350	-1.01035	12.10030
											-0.62728	-1.49398	9.80665
											0.06704	-0.89543	9.51456
											1.10612	-0.00479	11.51132
											0.45011	0.39744	12.40197
											0.04788	0.45969	8.48984
											0.85234	0.33040	10.59674
											0.44532	-0.17238	9.33260
											0.05267	-0.52672	10.91756
>	11:24:20	51.133540	17.036235	122.20	18	27	32	0.01	5.30	41.60	-0.12450	0.49321	10.06044
											0.03831	-0.08140	9.99819
											0.65122	-0.27773	10.48660
											1.92015	-0.18196	10.73560
											1.72861	0.15802	11.08037
											-0.01437	0.62249	9.39964
											0.01915	0.47884	11.24317
											-0.79009	0.17717	11.96143
											-2.77727	-0.22984	7.57525
											-0.52194	-0.38307	13.11544
											-0.90980	-0.48842	9.90242
											0.24900	-0.64643	9.85453
											0.66559	-0.49321	9.85453
											0.58897	-0.39744	10.75954
											0.40223	-0.21069	9.34218
											1.13964	-0.47884	11.18571
											1.13485	-0.96247	9.89763
											0.27773	-1.58017	10.34295
											0.83797	-1.09654	10.71645
											-0.11013	-0.46926	11.38682
											-1.10133	0.11971	9.15064
											-0.92416	0.48363	8.96389
											1.14443	0.38307	12.20085
											0.29688	0.16281	12.35408
											0.18196	0.17238	11.80341
											-0.50278	0.38786	7.43160
>	11:24:22	51.133494	17.036223	122.20	18	28	32	0.01	5.30	41.60	0.12929	0.63207	10.78827
											-0.99599	-0.02394	9.02135
											-0.94810	-0.24421	9.76834
											0.59376	-0.77572	14.03002
											-0.18196	-0.25857	7.81467
											0.77093	0.18675	12.69406
											0.27773	0.42138	9.40921
											1.02472	0.50757	10.05086
											0.68474	-0.68953	10.18493
											0.17238	-1.85311	10.68772
											0.14844	-2.44687	9.42358
											0.45490	-2.27928	10.29028
											0.50757	-1.93930	11.12825
											-0.43574	-1.25456	10.10353
											-0.36392	0.39744	8.80109
											0.35434	1.36469	11.21444
											0.51236	1.36948	11.00854
											0.53630	0.58897	9.99819
											0.04310	0.08619	9.22246
											-0.78051	0.11013	6.72771
											1.56102	0.10056	11.81299
											1.71904	0.36871	9.18416
											1.14443	0.33040	10.07001
											0.58419	-0.35434	11.76511
											-1.12527	-0.55067	9.17937
											1.60412	-0.36871	20.52310
>	11:24:23	51.133474	17.036224	122.10	18	28	32	0.01	5.30	41.60	0.28730	0.14844	8.50899
											1.20189	-0.35913	10.62547
											0.54588	-1.21625	9.86411
											0.51715	-1.94409	10.66856
											-0.42617	-1.92973	8.69095
											-0.35913	-1.24977	9.54808
											0.62728	-0.75657	12.71800
											-0.73263	-0.14844	7.69496
											3.38540	-0.20590	9.16979
											-0.05746	-0.79966	14.51844
											-0.58419	0.27773	5.91847
											0.25379	-0.23463	12.78025
											-0.41180	0.17238	9.31823
											0.49321	0.44053	12.36845
											-0.53151	1.30723	6.66546
											1.25935	0.91459	12.46421
											0.12929	0.10056	11.77947
											-1.56581	-0.69432	9.27514
											1.18274	-1.16837	14.14973
											-0.64643	-0.75178	8.74362
											1.26414	-0.21548	10.18972
											0.47884	-0.04310	9.74919
											1.64242	-0.07661	11.98059
											-0.52194	0.30646	9.86411
											-0.01915	0.45011	10.09874
											0.76136	0.21548	11.94707
>	11:24:25	51.133406	17.036260	122.00	18	28	32	0.01	5.30	41.60	0.88585	0.24421	11.46823
											0.27294	-0.04788	11.08994
											0.04310	0.08140	9.06445
											0.27294	0.26336	10.35732
											0.96726	0.23463	11.56399
											1.20189	0.55545	10.27591
											0.83797	1.16837	10.40999
											-0.08619	1.10612	9.91678
											-0.25379	-0.59855	11.34373
											-5.82749	-9.12191	-5.82749
											-0.12450	-1.44610	11.49217
											-0.02873	-0.92416	11.34852
											-0.28730	-0.52672	9.48104
											0.08619	-0.33040	9.45710
											0.33040	-0.40223	9.61511
											1.58017	-0.41659	10.14663
											1.30723	-0.67038	11.83693
											0.28730	-0.94332	10.68293
											-0.31125	-0.71826	9.31344
											-0.13408	-0.65122	10.95108
											-0.32082	-0.54588	10.57279
											-0.28730	-0.06225	9.79228
											-0.09577	-0.32561	10.83616
											0.10056	-0.49799	10.90319
											0.08140	-0.40223	10.42435
											0.15802	-0.37828	9.37091
>	11:24:26	51.133374	17.036278	122.00	18	28	32	0.01	5.20	41.60	-0.67995	0.99120	12.55519
											-1.60890	0.20590	8.69095
											-0.81403	-0.25857	10.56801
											-0.02394	-0.74699	10.79785
											0.24421	-0.97205	8.65743
											0.79966	-0.60334	7.76200
											2.13563	0.45969	10.61110
											1.69031	0.21548	11.32457
											0.14365	-1.19231	10.47703
											-0.24421	-1.57538	9.47625
											-1.16358	-1.35033	8.55209
											0.99599	0.00958	13.41232
											0.47884	1.35991	11.70765
											-1.11570	0.99599	6.99107
											0.04310	-1.00556	11.67413
											0.29209	-1.60890	11.27190
											1.19710	-0.74220	10.84573
											1.78129	-0.22505	12.41633
											0.46926	0.29209	10.81221
											-1.02472	0.76614	8.29351
											-0.34477	0.84755	10.42435
											0.00958	0.56024	10.88883
											-0.73263	-0.00958	9.59117
											-0.33998	-0.57940	10.99417
											-0.95768	-1.13006	9.04529
											0.57940	-0.81882	8.69095
>	11:24:28	51.133316	17.036309	121.70	19	30	35	0.01	5.20	41.60	0.74699	-1.10612	12.22958
											-0.02394	-0.95289	9.39485
											-0.30646	-0.76136	9.60554
											0.07661	-0.23463	10.64462
											-0.52194	0.29209	12.09551
											-1.77650	0.73263	8.52336
											0.12450	0.74699	8.82503
											1.13006	0.26815	11.47780
											1.59454	0.12929	10.07480
											2.17394	0.03352	10.58237
											0.86670	-0.52194	9.95988
											-0.54588	0.31603	8.84897
											-1.72861	1.23541	7.99663
											0.58897	0.86191	13.41232
											-0.54588	0.16281	10.17057
											-0.39265	-0.51715	10.96544
											-0.61292	-0.90501	9.89284
											0.45011	-0.88107	9.25119
											1.10133	-0.58897	12.33972
											1.21625	-0.43574	11.45386
											-0.54588	-0.72305	9.64863
											-1.22104	-0.54588	8.10677
											0.79009	-0.81403	10.83137
											1.41737	-1.13964	12.42112
											-0.89543	-0.34955	7.07247
											-0.01915	-0.74699	10.64941
>	11:24:29	51.133284	17.036320	121.50	19	30	35	0.01	5.30	41.60	-0.36871	-0.35434	9.53371
											-0.14844	-0.75178	11.31021
											-0.96726	-1.24498	9.99340
											-0.12929	-0.99120	10.84573
											-2.15478	-1.16358	11.97580
											-0.26815	-1.03908	9.11712
											0.50757	-1.52271	13.45541
											-0.73263	-0.62728	8.30788
											1.65679	0.95289	9.73004
											1.76692	0.89064	10.98460
											0.22505	0.29209	8.73405
											-0.07661	-0.27773	10.11790
											1.01993	0.22984	11.93749
											-1.25935	0.77093	10.00297
											0.32561	1.19710	10.34295
											0.22984	1.15401	11.09473
											0.21548	0.90980	10.55364
											0.31603	0.56024	8.68616
											1.50356	0.15323	12.15297
											-0.05267	0.22984	9.26077
											0.76136	0.04310	7.92481
											0.35913	-0.11013	11.09952
											-0.45490	-0.44053	10.23282
											-0.39744	-0.82839	11.23838
											-1.08218	-1.13006	8.58561
											0.75657	-0.50278	11.27669
>	11:24:31	51.133242	17.036343	120.30	19	30	36	0.01	5.20	41.60	0.89064	-0.38786	12.96221
											-0.34955	-1.37427	7.85298
											0.46448	-1.34554	9.05487
											0.22505	-1.25935	10.40041
											0.48363	-0.94332	12.37802
											-0.72784	-0.23463	8.03973
											0.75178	0.13408	11.18092
											0.33040	0.51715	10.40041
											1.20189	0.40701	10.62068
											1.51314	0.37350	8.81545
											1.72383	0.77572	11.76032
											-1.04387	0.78051	8.30309
											-0.19632	0.12450	8.68138
											-0.11013	-0.74699	11.44428
											0.05746	-1.42694	11.86088
											0.38786	-1.95367	11.32936
											-0.20590	-1.96803	10.61589
											0.56982	-1.60412	10.18493
											1.19710	-1.02951	10.81221
											0.38786	-0.20111	8.25521
											0.53151	-0.19632	11.47780
											-0.06704	-0.75657	9.10275
											0.04788	-1.11091	9.40921
											0.62249	-0.67038	11.01333
											0.60334	0.33519	12.08114
											-0.08140	0.50278	10.73560
>	11:24:32	51.133232	17.036357	120.10	19	31	36	0.01	5.20	41.60	0.00958	-0.81403	8.79151
											0.45490	-0.98162	9.22246
											1.10133	-0.73263	11.84651
											0.04310	-0.30167	11.73159
											-0.94810	-0.34477	7.75243
											0.30167	-0.44053	10.69729
											0.11492	-0.93374	10.69729
											0.47884	-1.15401	11.55921
											-0.23942	-0.97205	7.98227
											1.31202	-0.13886	12.11945
											-0.32561	-0.01437	9.82580
											1.26414	0.47884	10.52491
											0.27294	0.30646	8.04452
											0.72784	0.08619	10.99896
											0.15802	-0.70868	11.72680
											0.26815	0.32082	10.31422
											-0.25379	1.08697	10.32859
											0.40701	1.17795	12.93348
											-0.24900	0.25857	10.62068
											0.85712	-0.12450	9.90242
											-0.73741	-0.61292	7.21134
											0.75178	-0.89543	9.62469
											1.13964	-1.01035	9.50498
											1.43173	-0.33998	11.05163
											0.65122	0.21069	10.97981
											-0.56024	0.53630	10.71166
>	11:24:33	51.133203	17.036373	119.70	20	32	37	0.01	5.20	41.60	-0.38307	-0.54109	9.51456
											-0.68474	-0.58419	8.80109
											0.23942	-0.54588	10.17057
											1.31202	-0.14365	11.53048
											1.69988	0.11013	9.38527
											0.59376	-0.77093	10.79306
											0.43574	-1.35991	9.84496
											0.22027	-1.04387	11.85130
											-0.70868	-0.05746	7.78116
											0.95289	0.18196	10.86010
											0.07183	0.23463	11.16177
											-0.83318	0.65122	7.86735
											1.09654	-0.17238	13.14896
											0.45490	-0.45969	10.63983
											1.26893	-0.16759	11.54484
											1.01035	0.46448	8.58082
											0.65122	0.93374	11.65497
											-1.48919	0.55067	10.60631
											-0.65122	0.01915	8.48984
											-1.12049	-1.05345	11.67413
											-0.57940	-1.98719	8.22169
											1.37906	-1.48919	13.37401
											0.40701	-0.59376	8.82024
											1.19710	0.51236	9.06924
											0.91937	0.37828	11.94707
											0.30167	-0.06225	8.44196
>	11:24:34	51.133181	17.036385	119.30	20	33	39	0.01	5.20	41.60	0.20590	0.35434	10.18015
											1.01035	0.29688	12.11945
											-0.21069	0.09577	9.33260
											0.83797	-0.73741	9.42837
											0.96726	-1.47483	13.14417
											0.01915	-1.66636	8.32224
											1.18752	-1.01035	11.46344
											0.12450	0.62728	8.97826
											0.34477	1.36469	9.52413
											-0.79009	1.46046	10.81700
											-1.44610	1.25456	9.52413
											-0.97683	0.90980	10.95108
											0.64643	-0.23942	11.98537
											0.79009	-1.06303	10.97502
											0.80924	-1.27372	8.77714
											1.92494	-1.17316	12.65575
											0.46448	-1.09654	10.06522
											-0.30167	-1.19231	10.18972
											-0.73741	-1.12527	8.56645
											-0.08140	-1.17795	10.34295
											0.67995	-0.46448	10.31422
											0.28252	0.35913	10.27112
											0.79009	0.77572	12.16254
											-0.01915	0.88107	10.17057
											-0.02873	1.01993	8.57124
											1.36948	0.57461	10.31901
>	11:24:35	51.133165	17.036393	119.10	22	34	39	0.01	5.20	41.60	-0.56024	0.48363	11.75074
											-0.58897	0.04788	11.11867
											-0.54109	-0.19632	10.31901
											0.30167	-0.56503	9.83059
											1.12049	-1.41737	10.24718
											1.56102	-1.93930	12.40675
											0.39744	-1.77171	10.87446
											-0.10534	-1.20668	9.50977
											-0.13886	-1.23541	9.65821
											-0.83797	-1.79565	9.36133
											1.32639	-1.34075	13.80497
											-0.39265	-0.58419	8.53294
											-0.44053	-0.20111	10.72124
											-0.32082	0.11013	11.65019
											0.85234	0.21548	4.35266
											2.65278	-0.79487	15.00686
											-1.19231	-0.69911	7.18261
											2.08296	-0.67038	14.57111
											0.25379	-0.10056	6.75644
											-0.16759	0.63686	11.56878
											-0.39744	0.86670	8.23605
											0.91459	0.87149	11.37246
											-0.96726	0.68953	9.14106
											0.07183	0.27294	9.63427
											0.69911	-0.29688	11.17134
											0.18675	-1.02472	10.27591
>	11:24:36	51.133148	17.036412	118.50	23	36	42	0.01	5.20	41.60	0.63686	-0.11492	11.06600
											0.06225	-0.80924	10.44830
											-0.90501	-0.41180	8.84418
											-0.24900	0.14365	11.63103
											-1.04387	0.44053	9.58638
											0.58419	0.65601	9.61033
											1.31202	0.33998	11.34373
											1.31202	0.52672	10.82179
											1.15401	0.20111	10.13705
											1.08697	-0.25379	10.07959
											0.88585	-0.08619	11.85130
											-2.03986	0.67516	7.73327
											-1.01514	0.92895	10.79306
											-0.73741	-0.24421	11.21444
											0.70868	-1.33118	10.96066
											0.62728	-1.63763	10.61589
											0.77093	-1.09654	10.40999
											1.26893	-0.40701	12.16733
											0.99120	-0.18675	11.91355
											-2.33195	-0.25379	2.86347
											0.11971	-0.62249	12.20085
											0.79487	-1.49877	10.66856
											-0.41659	-1.47962	9.91199
											-0.43096	-0.91459	10.21845
											-0.17238	-0.31125	9.76834
											0.37828	-0.17717	11.22881
>	11:24:37	51.133117	17.036441	118.00	24	38	40	0.01	5.20	41.60	-1.99198	0.28252	-3.99353
											3.76847	0.22027	21.80160
											0.15802	0.99120	10.14663
											-0.54109	1.26414	8.62391
											-0.74699	0.36871	12.72279
											-0.99120	-0.28252	8.42759
											1.50356	-0.33998	12.31577
											1.39343	0.21548	10.48182
											-0.26815	0.13408	10.58716
											-1.30245	-0.15802	8.58561
											0.59855	-0.73263	11.67892
											0.67516	-0.59855	13.33092
											-2.29843	-0.73741	5.94720
											0.40701	-1.59454	12.27747
											0.41180	-1.58975	11.71722
											1.24020	-0.78530	12.05241
											0.75657	0.41180	7.97748
											1.01514	0.95768	11.14740
											-0.54109	0.87628	8.68616
											1.44131	0.25857	10.93671
											0.90022	-0.22984	12.53125
											-0.45490	-0.43096	10.21366
											0.66559	-0.56503	8.78193
											0.39744	-0.07661	10.38605
											-0.44532	0.14844	11.03727
											-0.14844	0.03352	9.47625
>	11:24:38	51.133077	17.036454	117.90	24	36	39	0.01	5.20	41.60	0.33998	-0.14844	11.68370
											0.81403	1.03430	9.26077
											0.33998	0.56503	10.25197
											-0.22027	-0.59376	7.09641
											0.54588	-1.16358	9.40442
											-1.04866	-1.23062	8.52336
											1.18274	-1.27372	15.55752
											-0.90022	-0.14365	7.49864
											1.71904	0.45969	13.41232
											-0.27773	0.11971	10.59195
											1.13964	-0.06704	10.76912
											1.75734	0.11971	8.79630
											0.32082	0.30646	12.13381
											-1.01035	0.00479	6.71334
											1.27372	0.07183	11.85130
											-0.35913	0.66080	10.96544
											-1.41258	-0.28730	11.79863
											-0.81403	-0.50757	9.28471
											1.14443	0.34955	11.01812
											0.52672	0.05267	10.36689
											1.15401	-0.93374	8.51378
											1.02951	-1.16837	10.78827
											0.53151	-0.44532	10.74518
											0.21548	-0.11492	10.14663
											-0.01437	-0.64165	8.81066
											0.78051	-0.57461	11.12346
>	11:24:39	51.133041	17.036472	117.70	24	36	39	0.01	5.20	41.60	1.26414	0.10534	14.92545
											-2.34632	1.22583	2.16915
											-0.49799	1.35991	10.84573
											1.10612	1.10612	10.26155
											1.02472	1.35991	11.80341
											1.70467	1.15401	10.20888
											0.33519	1.25935	10.93671
											0.11971	0.55067	10.93671
											-0.03352	-0.49321	10.00297
											-0.21548	-0.88585	9.31823
											0.74220	-0.70390	11.33894
											-0.50278	-1.64242	8.89207
											0.23942	-2.94487	11.58315
											0.35913	-2.17872	10.51055
											1.47483	-0.16759	12.05241
											0.12929	0.00958	8.72447
											-0.17717	0.01437	7.69018
											0.59855	0.50278	12.82334
											0.41659	0.86191	12.53125
											-2.04465	0.44532	8.85855
											-0.76614	0.10534	8.57603
											1.11091	-0.14365	12.44506
											0.20111	0.27773	9.25119
											1.68552	0.18675	11.64061
											0.27773	-0.33040	11.48738
											0.52194	-0.81882	8.98304
>	11:24:40	51.133005	17.036497	117.40	23	35	36	0.01	5.20	41.60	-0.40223	-1.55623	7.79073
											1.02472	-0.71826	10.71166
											-0.14844	-0.78530	9.51456
											0.76136	-0.75657	11.06121
											0.56024	-0.12929	10.13705
											0.84276	0.81403	10.34295
											0.86670	0.63686	10.89841
											-0.05267	-0.04788	11.27669
											-0.43574	-0.11971	10.36211
											-0.53151	0.07183	11.64540
											-0.49799	-0.17238	10.35253
											-0.73741	-0.84755	11.05163
											-0.42617	-0.62249	8.87770
											0.81882	-0.51715	11.39161
											1.11570	-0.54109	10.20409
											1.34075	-0.76614	8.54251
											1.94888	-0.94332	10.87446
											1.23541	-0.32082	11.74595
											-1.18752	0.18675	9.11712
											-0.67995	0.19154	10.14184
											-0.63686	0.09577	9.83538
											-5.82749	-9.12191	-5.82749
											0.00479	-0.14365	9.50498
											0.34955	-0.60813	11.48738
											0.71347	-1.03908	11.35809
											1.63285	-0.76136	11.95664
>	11:24:41	51.132970	17.036512	117.30	24	36	36	0.01	5.20	41.60	-0.28730	-0.42617	8.09240
											0.20590	-0.22984	10.84095
											0.13408	-0.13408	10.95108
											0.53630	-0.29209	11.90397
											0.48363	-0.74699	10.89841
											0.69911	-0.76614	11.26711
											0.27294	-0.29209	10.51055
											0.47405	0.20111	9.67736
											1.01993	0.44532	12.50252
											-0.33040	0.71347	10.29986
											-0.79487	1.22583	9.32302
											-0.57461	0.61292	10.96066
											-0.96726	-0.03352	10.05565
											0.40223	-0.70390	9.56244
											0.90980	-1.01993	8.70532
											2.13563	-1.73340	11.25754
											1.49398	-2.11169	11.71722
											1.18274	-1.01514	9.86411
											0.22505	-0.29209	10.35253
											-0.52672	-0.80445	10.10832
											-0.88107	-0.85712	10.36689
											-0.25857	0.34955	10.82179
											0.05267	0.56982	11.34373
											-0.32561	0.03352	11.18571
											-0.07661	-0.22027	10.33816
											0.09577	-0.08619	9.09797
>	11:24:42	51.132940	17.036516	116.90	24	36	36	0.01	5.30	41.60	0.07661	1.00556	9.45710
											-0.35913	0.57940	11.19529
											-0.13886	-0.60334	8.64786
											1.00078	-1.24977	10.88883
											0.04310	-1.06781	10.64941
											0.50757	-0.67516	10.84095
											0.36392	-0.67995	10.72124
											1.17795	-0.61770	11.19050
											0.89543	-0.28252	11.29106
											-0.17717	-0.15802	7.53216
											-0.23463	-1.22104	10.10832
											0.24421	-1.69509	10.62547
											0.38307	-1.47483	11.35330
											-0.91459	-1.19231	9.67736
											-0.44532	-0.14844	9.71567
											0.91937	0.51715	13.07713
											0.28252	0.42617	8.69574
											2.10211	0.11013	10.57279
											0.85712	0.02394	11.84651
											-0.01437	0.33519	8.62870
											0.06225	0.61770	10.29028
											0.63207	0.84755	10.75475
											-0.42617	-0.00958	11.11867
											-1.11570	-0.92895	8.39886
											0.78530	-0.54588	9.92157
											0.91937	-0.22027	11.75074
>	11:24:43	51.132921	17.036513	116.60	24	35	35	0.01	5.20	41.60	0.81882	0.33040	9.66779
											-0.33040	0.00000	10.04128
											-0.90022	-0.08619	9.37569
											-0.65601	0.15323	10.86489
											0.14844	0.56024	9.47625
											0.18196	0.64643	10.88404
											0.86670	0.56982	11.80341
											1.33118	0.44532	11.32936
											1.15879	0.44532	9.20810
											1.52271	0.08619	11.72680
											0.72305	0.41659	10.22803
											-0.61770	1.03430	9.80665
											-2.24097	0.87149	8.02058
											-0.79966	-0.16281	9.86411
											0.57940	-0.79966	11.65497
											1.24977	-0.61770	9.78271
											1.45089	-0.86670	10.75954
											0.78051	-1.51792	11.32457
											0.53151	-1.41258	10.50097
											0.56982	-0.79487	10.77870
											1.77650	-0.66559	12.73236
											-1.26893	-1.36948	8.39407
											-1.09176	-1.33596	8.60476
											0.33998	-0.88107	12.05241
											-0.26815	0.47884	9.46667
											0.39744	0.98641	10.99896
>	11:24:44	51.132894	17.036545	115.40	24	35	35	0.01	5.20	41.60	-0.56024	0.74699	11.18571
											-0.11971	1.80044	9.34218
											0.80924	1.13964	8.82982
											1.24498	0.56024	13.25909
											0.45490	-0.43096	10.43393
											0.63686	-1.45089	10.08917
											1.58975	-1.88663	11.71722
											-0.07661	-1.04866	7.99663
											-0.20590	-0.51236	10.07480
											0.89543	-0.29688	10.67335
											-0.02394	-0.17717	12.11945
											-1.79565	-0.65122	9.26556
											-0.55545	-0.76136	9.38048
											0.55067	-0.66559	9.46667
											1.91057	-0.52672	12.57435
											0.61770	0.30167	9.03093
											1.38385	0.93374	11.41555
											-0.21548	0.67516	11.20486
											-0.85234	0.02873	9.19852
											0.90501	-0.43574	11.27669
											0.20590	-0.22984	7.82425
											-0.34955	-0.48842	10.23761
											0.48842	-0.87149	10.31422
											0.54109	-0.92895	11.86088
											-0.43096	-1.08697	10.69250
											0.16281	-0.64165	10.81221
>	11:24:46	51.132804	17.036581	111.80	24	34	34	0.01	5.20	41.50	0.41180	0.45490	9.16022
											-0.04788	0.40223	10.87925
											-0.45490	0.22027	10.90319
											-1.13006	0.14365	11.23359
											-0.55067	0.87149	10.08917
											1.05345	0.70390	11.92791
											0.45011	-0.16759	9.20810
											0.78530	-0.43096	11.05642
											0.61292	0.10056	10.97502
											0.27294	0.13886	11.08515
											-0.07183	-0.18675	7.92002
											0.89064	0.10056	10.40999
											0.77572	0.42617	11.49696
											0.06704	0.10056	10.00297
											-0.38786	-0.35913	9.01656
											0.95289	-0.19154	9.13627
											0.78051	-0.35913	12.25352
											0.11971	-0.60813	8.85376
											0.80924	-0.39744	10.56322
											0.28730	-0.11013	12.90475
											-0.40223	-0.30646	6.43561
											-5.82749	-9.12191	-5.82749
											1.59933	-1.10133	11.94707
											-1.44131	-0.55545	9.32302
											-0.49799	-0.22505	10.07001
											-0.12929	0.06225	11.60230
>	11:24:47	51.132769	17.036596	111.80	24	33	33	0.01	5.20	41.60	-0.97683	1.34554	6.89530
											-0.85712	1.11570	8.31267
											1.21625	0.13886	16.47211
											-0.19632	-0.68953	10.12747
											0.74220	-0.91937	11.05163
											0.26336	-1.76692	11.08037
											1.42216	-1.61369	8.70053
											1.85790	-0.68953	11.07079
											1.05824	0.13408	10.70687
											-1.69988	0.06225	9.68215
											-1.18752	0.53630	10.45787
											-0.35434	0.67038	10.85052
											-1.67115	-0.13408	9.20810
											0.58897	0.15323	9.68694
											1.76692	0.08619	11.03727
											2.69587	0.31603	10.39562
											1.00078	0.45969	8.43717
											1.26893	0.31603	11.23838
											0.19632	0.09577	11.43471
											-0.33998	0.49799	11.19050
											-1.55623	1.14922	9.91199
											-1.25456	0.07183	8.37492
											0.31603	-1.66636	10.16578
											0.91459	-2.32716	10.46745
											0.57940	-1.46525	7.78594
											1.49877	-0.55067	14.01566
>	11:24:49	51.132708	17.036615	112.30	23	33	33	0.01	5.20	41.60	1.24498	-0.09098	9.71088
											-1.56102	-1.24498	14.03002
											-1.69509	-0.36871	3.89776
											-0.01915	0.46926	14.12579
											0.01437	1.31202	10.23761
											0.09577	0.68953	10.77870
											1.00078	0.62249	7.43160
											2.48518	0.24421	12.68448
											-1.55623	0.03831	8.68138
											2.89220	-0.66559	9.59596
											0.65601	-0.49799	12.28704
											-0.79966	-0.01915	10.92235
											-1.57060	0.21069	10.33816
											0.36871	-0.05267	11.00375
											-1.04866	0.02394	8.08282
											1.22104	0.54109	11.97580
											1.30245	0.41180	9.89763
											0.19632	-0.33519	10.93671
											-0.13408	-1.83875	9.39006
											0.02873	-2.14042	6.32548
											1.37906	-1.78129	12.92390
											0.08619	-0.57940	9.54808
											-1.49398	-0.30646	10.48182
											0.50278	0.50278	11.76990
											0.50278	0.65122	10.04128
											0.44053	0.67038	7.89129
>	11:24:50	51.132674	17.036640	112.30	23	33	33	0.01	5.20	41.60	-0.11013	-0.69911	10.90798
											-0.10534	-0.40701	10.60153
											0.62249	0.14844	10.86489
											1.86269	-0.07183	7.98706
											1.80523	-0.72305	12.06678
											0.54109	-0.94332	10.99896
											-0.07183	-0.67995	8.66701
											-0.46448	-0.84276	10.26155
											-0.33519	-0.30167	11.33894
											-0.83797	0.29209	11.48259
											-0.71347	0.13408	10.05086
											0.09577	-0.45969	11.03727
											1.04387	-0.42617	12.86644
											0.67995	0.26815	8.31267
											1.39343	1.26414	12.14339
											0.66080	1.58496	9.73004
											-0.06225	0.74220	9.69652
											-0.30646	0.22505	8.98783
											0.01915	-0.01915	11.26711
											-1.10133	-0.20590	9.08839
											0.39744	-0.44053	9.11712
											0.90980	-0.36392	11.27669
											1.03430	-0.34955	11.27190
											1.24020	-0.35913	9.25119
											1.47962	-0.36392	9.53371
											1.81959	-1.13964	20.30283
>	11:24:52	51.132596	17.036689	112.00	22	32	32	0.01	5.20	41.50	0.08619	-0.77572	11.68849
											0.06704	-0.21069	9.06924
											1.62806	-0.01437	11.28148
											2.01592	0.22505	10.56322
											2.71981	-0.43574	10.11311
											-0.45490	-0.48363	10.39562
											0.10534	-0.46926	9.86411
											-0.20590	0.19154	10.41957
											-1.56102	0.21069	8.99741
											0.07661	0.29688	11.49696
											-0.41180	-0.02873	10.69729
											-0.06225	-0.38786	10.21366
											1.24020	-0.43574	11.51611
											0.91937	-0.10534	9.05966
											0.75178	-0.32082	9.53371
											1.07739	-0.62249	11.31021
											0.05267	-0.92416	11.14261
											-0.21548	-0.77572	9.42358
											0.34955	-0.33040	9.95509
											-0.79487	-0.23942	12.59350
											-0.22984	0.01915	10.39084
											-0.60813	-0.35913	10.89841
											0.15802	0.02873	7.34062
											2.42772	0.55067	11.18092
											1.86748	0.51715	10.76912
											1.93930	0.52194	10.74997
>	11:24:53	51.132555	17.036709	112.10	22	32	32	0.01	5.20	41.50	0.34477	-0.06704	8.60955
											0.15802	0.59855	9.91678
											0.04788	0.53630	12.68927
											-1.15879	0.36871	9.40442
											-0.43096	0.28252	9.94073
											1.49398	0.06225	15.08826
											-2.27928	-0.58897	5.79876
											1.94888	-1.16358	10.30943
											0.85234	-1.42694	10.97502
											0.65601	-1.45567	10.68293
											1.81002	-1.50356	9.04051
											0.40701	-0.39744	11.68849
											-0.16281	0.22505	11.40598
											-0.15802	0.59376	9.10275
											-1.44131	0.80445	9.90242
											0.79009	1.14922	10.48660
											0.38786	0.58419	10.10353
											1.90578	-0.04310	10.64941
											1.21147	-0.63207	11.80341
											0.36392	-0.92895	9.86890
											0.60334	-1.03430	9.73482
											0.17238	-0.95289	11.37246
											-0.90501	-0.59376	9.28471
											1.09176	0.02394	9.80186
											-0.52672	-0.11492	12.14818
											-0.18675	-0.57940	8.18338
>	11:24:55	51.132465	17.036741	111.10	22	31	32	0.01	5.20	41.50	-0.25857	-0.56982	6.28239
											-0.97205	0.35434	11.11867
											-0.59376	0.64165	9.45710
											-0.95289	0.37350	10.63504
											0.08619	0.02873	9.80665
											-0.04788	-0.20590	13.50330
											1.44610	0.13408	8.66222
											3.59609	-0.08619	14.02523
											0.68953	-0.11013	7.65187
											-0.00958	-0.42617	10.02692
											-1.30723	-0.72305	8.76278
											0.66559	-0.15802	10.60631
											-1.00556	-0.20590	11.20008
											-0.31125	0.26336	10.17536
											0.14844	-0.22505	13.36443
											1.29287	-0.73263	14.46577
											-1.09176	-1.44610	0.89064
											3.60088	-0.91459	16.50084
											1.30245	-0.59855	8.26000
											1.23062	-0.11013	8.86333
											-1.14443	-0.08619	10.98939
											-2.22661	0.22027	8.87770
											-1.03908	0.55067	10.81221
											0.82361	1.02951	9.10754
											1.28329	1.32639	12.62702
											2.61447	0.29688	8.85376
>	11:24:56	51.132429	17.036746	110.80	22	31	32	0.01	5.20	41.50	0.77572	-0.80924	12.37802
											1.36948	-0.92416	8.29830
											2.39899	-1.16358	12.43548
											1.43652	-1.17316	11.08037
											-0.72305	-0.70390	9.66300
											-1.42216	-1.15879	10.07480
											-1.64242	-1.47483	9.36612
											-1.42216	-0.19154	11.20486
											-0.63207	1.15879	10.09395
											1.98240	0.66080	11.65497
											2.80600	-0.04788	10.81700
											2.36547	-0.05746	9.96467
											1.13964	-0.02873	10.30464
											-0.12929	-0.25379	10.52491
											-1.34075	-0.20111	8.26957
											-0.21548	-0.19154	11.78426
											-0.51715	-0.46448	10.82658
											-0.12929	-1.14443	9.37091
											1.03908	-1.09654	12.07156
											1.17316	-0.59855	10.68772
											1.88184	-0.23942	11.14261
											0.62249	0.04788	8.63349
											0.90501	-0.07183	9.58160
											0.18196	0.37350	11.02290
											-0.79487	0.04788	9.68215
											-0.83318	0.05267	10.59195
>	11:24:58	51.132366	17.036763	110.40	20	31	32	0.01	5.20	41.50	2.60489	-0.72305	12.17691
											1.17795	-0.59855	8.82024
											-0.40223	0.36871	10.45787
											-0.05746	0.69432	9.33739
											-0.67516	0.04310	10.72124
											-0.53630	-1.21147	9.84496
											0.06225	-1.15879	11.00854
											0.34955	-1.48919	11.51611
											0.02394	-0.90022	7.60398
											2.27449	-0.18196	12.91911
											2.19309	-0.06225	13.24472
											-1.45089	0.54588	3.80678
											1.43652	0.28252	11.79863
											1.04387	0.27294	11.75553
											0.13886	0.32561	10.94150
											-1.28808	0.01915	9.70609
											-1.62806	-0.36392	10.44830
											0.20590	0.45969	11.05642
											2.08296	0.17717	8.25042
											1.88184	-0.56982	11.10431
											1.91057	-0.40701	11.05163
											-0.03831	-0.01915	8.66701
											1.09176	0.69911	9.88805
											0.10056	0.26336	13.75229
											-1.04387	-0.21548	10.13705
											0.04310	-0.81403	7.70933
>	11:24:59	51.132331	17.036780	109.60	20	31	32	0.01	5.20	41.50	0.48363	-0.04788	9.52413
											1.02472	-0.57461	11.20008
											-0.72305	-0.19154	9.66779
											-1.40300	-0.03352	9.14585
											-0.78051	-0.51236	9.77792
											0.62728	-0.66080	11.98537
											-0.67516	-0.19154	11.32936
											-0.09577	-0.11013	9.56244
											1.64242	0.17238	12.45464
											0.93374	0.44053	9.41879
											1.34075	0.47884	10.20888
											0.93374	-0.24421	11.78426
											-0.23942	-0.94332	8.83939
											-0.13886	-1.06303	9.24162
											0.64165	-1.03430	11.01812
											-0.08140	-1.20668	9.44273
											-1.32639	-0.77093	9.96467
											-0.10534	-0.41659	11.55442
											-0.00958	-0.48363	11.74117
											0.77572	0.11013	11.41555
											1.53708	0.45490	13.04361
											0.62728	0.54109	10.68293
											0.22505	0.64165	9.62948
											-0.06704	0.73741	11.33894
											-1.03908	0.41659	10.25676
											-1.15879	-0.57461	9.78271
