>	11:19:01	51.116290	17.054873	105.60	36	62	81	0.00	8.00	51.40	11.24557	13.32134	5.66468
										11.90397	12.02129	4.08930
										10.40041	13.48893	4.23534
										11.11628	14.92785	4.16112
										10.99657	13.75229	4.01029
										9.84496	12.80419	3.44526
										12.57914	13.50809	1.50595
										11.93270	13.06276	7.14669
										10.70208	12.64139	1.14443
										11.98777	14.30775	5.06613
										11.01333	13.05558	3.87142
										11.16416	13.92228	4.35745
										9.85693	12.07875	4.72376
										11.86088	14.24789	2.85149
										12.06678	13.38359	4.06296
										11.20008	12.81137	6.23211
										11.57357	12.89038	1.84354
										10.62786	11.63343	3.92649
										10.74518	12.60787	2.69827
										11.99495	13.25669	3.73256
										11.51132	12.80180	3.81875
										11.70525	12.77067	4.08930
										11.34612	13.47217	2.84671
										11.84412	12.00692	4.29999
										12.01889	13.43147	3.88100
										13.53682	14.37958	3.28006
>	11:19:06	51.116263	17.055128	105.20	35	60	78	0.00	8.00	51.40	11.34612	11.57836	4.50110
										11.00854	12.43309	2.37026
										11.66455	11.63821	3.83072
										11.93510	12.23916	3.88100
										11.35330	12.28226	4.17549
										12.24395	11.36528	3.56497
										11.41795	12.39239	4.38139
										10.64223	13.11783	2.10450
										9.64384	9.95270	5.13796
										10.03649	11.40358	5.66229
										10.00058	11.29584	5.01825
										9.91918	11.68131	3.85945
										9.54568	11.51850	3.99353
										9.71328	11.25993	6.45237
										12.12903	13.57512	3.79720
										11.93031	12.60068	2.97839
										12.43070	12.54562	1.87705
										12.04523	9.60075	3.74214
										10.42435	14.38436	3.47399
										10.76672	12.11945	4.21140
										10.61350	10.72124	3.88818
										10.38365	13.58470	4.50589
										11.26472	13.64456	3.34231
										10.88883	11.96383	3.42371
										12.72997	12.35408	4.18267
										12.59589	12.34450	4.93684
>	11:19:10	51.116225	17.055272	104.10	32	57	73	0.00	8.00	51.40	10.99178	12.91432	3.52426
										12.03326	11.47301	4.08690
										11.74117	12.79461	4.81953
										11.41555	11.11867	5.12599
										13.04361	11.24317	3.10289
										13.85764	10.21845	3.66552
										13.45541	10.95587	2.60968
										12.35408	11.59991	3.75171
										11.76511	11.49935	3.90255
										11.50175	10.96784	3.94086
										11.78426	11.17374	4.23774
										12.35647	10.61589	3.77087
										12.99573	9.38048	3.01191
										13.09628	9.34936	2.78685
										12.67490	9.90721	2.65996
										13.45302	8.96150	2.14999
										13.58709	9.33739	2.31280
										13.49851	10.04128	3.03106
										13.63258	9.90242	2.80600
										13.07952	10.35492	3.16274
										13.13698	10.83855	3.13162
										13.19205	11.37006	3.44047
										13.50090	11.56399	3.33273
										12.25113	13.49851	3.76129
										13.09628	12.80419	3.79960
										12.94066	12.00932	3.56736
>	11:19:15	51.116237	17.055266	115.30	32	57	73	0.00	8.00	51.40	13.09628	12.70603	3.20344
										13.64934	11.30303	2.96163
										14.17846	10.79306	2.91374
										14.36282	10.35732	2.71024
										13.99890	10.79785	3.05500
										13.35486	11.08515	3.16513
										14.00129	10.83616	3.09331
										14.40591	11.01812	2.89698
										13.83609	11.28866	3.10049
										14.21438	10.83855	2.92571
										14.00847	11.01333	2.92332
										13.97496	11.03488	2.99754
										13.94862	10.86728	2.94966
										13.78821	10.74997	2.91135
										14.11861	10.41238	2.71742
										14.15452	10.62547	2.83473
										14.12579	10.25915	2.70784
										14.08269	10.52730	2.81319
										14.15931	10.68772	2.90656
										13.80018	10.63265	2.83473
										14.06115	10.92474	2.94487
										14.31733	10.54406	2.77488
										15.05235	10.57519	2.83952
										13.82173	10.65659	2.88980
										11.95904	12.43309	3.63679
										12.15536	12.21522	3.49793
>	11:19:19	51.116302	17.055371	127.50	32	57	73	0.00	8.00	51.40	13.67568	10.97742	3.05500
										13.71399	11.17374	3.12922
										13.88876	10.95108	3.02627
										14.04678	10.94390	3.02867
										13.67329	11.38682	3.18668
										13.99411	11.16895	3.05979
										13.76666	11.10431	3.06697
										13.93425	11.21205	3.13640
										13.54639	11.47541	3.17950
										13.86722	11.21923	3.08613
										13.86243	11.37725	3.11007
										13.85285	11.44189	3.16992
										13.85525	11.02290	3.00712
										14.00129	10.97023	3.01669
										14.01566	10.76912	2.93529
										13.97017	10.91995	2.99515
										13.99171	11.23359	3.07894
										13.83130	11.40358	3.14598
										13.69962	11.41077	3.18668
										13.69483	11.27430	3.15795
										13.76427	11.18571	3.10528
										13.91510	10.89122	2.99515
										13.86003	10.95587	3.00712
										13.90073	10.88883	3.00472
										13.95580	10.89122	2.99036
										13.86243	11.11149	3.07176
>	11:19:24	51.116298	17.055408	130.70	32	57	73	0.00	8.00	51.40	13.79539	11.15937	3.08373
										13.85046	11.14740	3.07655
										13.83370	11.15698	3.06218
										13.86961	11.04685	3.05021
										13.84567	11.01812	3.02148
										13.87440	10.98939	3.02388
										13.97974	10.89841	2.98318
										13.88876	11.20726	3.09570
										13.80497	11.14501	3.07176
										13.78342	11.22162	3.08852
										13.86961	11.15219	3.05740
										13.77863	11.09234	3.04782
										13.75229	10.89122	2.98318
										14.50647	10.44351	2.78685
										13.73314	11.31979	3.09570
										14.17607	10.66138	2.88980
										14.05396	10.91038	2.96642
										13.95341	11.14501	3.05021
										13.87919	11.11149	3.05740
										13.92468	11.03727	3.01909
										13.90073	11.09234	3.04782
										13.87679	11.02769	2.99993
										14.02523	10.72842	2.90417
										13.99171	10.80503	2.93290
										14.09467	10.68532	2.88501
										14.08269	10.93432	2.97120
>	11:19:29	51.116284	17.055434	130.90	22	43	61	0.00	8.00	51.30	14.03960	10.86728	2.94008
										13.99411	10.94390	2.95923
										14.04439	10.71884	2.89698
										14.03960	10.72363	2.87304
										13.91271	11.20008	3.05261
										13.89595	11.25275	3.08852
										14.01326	10.99657	2.98078
										13.92707	11.01093	3.00712
										13.98932	10.92235	2.97839
										13.89834	10.87925	2.95205
										14.08030	10.70448	2.88022
										13.99171	10.91517	2.96642
										13.92707	11.05882	3.01430
										13.98453	10.83855	2.94008
										13.88158	10.94150	2.96163
										13.96298	11.01333	2.98796
										14.05636	10.93911	2.97360
										13.98693	10.90798	2.93769
										14.00847	10.87925	2.94726
										14.00847	10.92235	2.95684
										14.06833	10.81940	2.89938
										13.99411	10.97263	2.98078
										14.02044	10.86249	2.93290
										14.00608	10.89601	2.95205
										14.03242	10.74039	2.87544
										14.03002	11.12825	3.02627
>	11:19:33	51.116281	17.055451	133.00	22	39	55	0.00	8.00	51.30	13.97974	10.92953	2.95444
										14.00129	10.93432	2.94966
										13.99890	10.94390	2.96881
										14.04439	10.87207	2.93529
										14.00608	10.85771	2.92332
										14.07312	10.76194	2.89459
										14.05396	10.84095	2.93290
										14.10424	10.65180	2.86825
										14.23353	10.56322	2.79164
										13.97735	11.03488	3.00472
										13.98214	10.86728	2.95444
										13.90792	11.12586	3.04064
										13.82173	11.27430	3.12204
										13.84806	11.15219	3.07894
										13.79300	11.20726	3.10289
										13.81215	11.12107	3.07894
										13.87679	11.18332	3.11486
										13.64216	11.21205	3.08613
										13.77145	11.14740	3.10528
										14.07551	10.55364	2.86586
										13.68286	11.18810	3.09331
										13.86482	11.17853	3.08134
										13.90313	10.93192	2.96881
										13.95820	10.86968	2.96881
										13.86961	10.97023	3.00472
										13.98214	10.88644	2.96881
>	11:19:38	51.116279	17.055463	135.70	22	39	52	0.00	8.00	51.20	13.84088	10.72124	2.89220
										14.00129	10.70208	2.91614
										14.26465	10.75715	2.91135
										13.78821	11.33654	3.07655
										14.12340	11.13543	3.05500
										13.77624	11.13543	3.05500
										13.78821	11.19289	3.08613
										13.86722	10.97981	3.01909
										13.94144	10.77870	2.96642
										13.91749	10.80024	2.93050
										13.91989	10.88883	2.99036
										14.08509	10.78588	2.93529
										13.89834	11.03966	3.04064
										13.94623	10.83137	2.94247
										13.95580	10.98939	3.01430
										13.85764	10.17775	2.69348
										14.08030	10.43872	2.86107
										14.22395	10.72124	2.86107
										13.93186	11.20726	3.18429
										15.19600	12.25113	3.17232
										15.32528	11.88482	3.09331
										12.55041	12.88559	3.38780
										11.48499	13.41471	3.65355
										10.24958	14.17607	3.98156
										9.44513	14.63815	3.99113
										11.20726	13.94383	1.29287
>	11:19:43	51.116267	17.055477	135.60	20	39	55	0.00	8.00	51.20	10.44351	15.37796	4.00071
										9.24401	13.05079	5.45399
										11.20247	13.90313	3.33033
										9.29190	13.26627	2.60250
										11.14501	13.13698	4.74052
										9.86651	13.27824	6.73489
										9.58878	12.96460	3.03345
										11.67173	14.49450	4.59687
										10.89601	14.31014	5.33189
										11.64300	13.77145	3.08852
										11.51132	13.09628	3.96719
										12.06199	13.23515	3.86185
										9.61751	12.89038	4.40773
										10.97981	13.85764	3.62722
										11.47301	13.90792	3.21781
										11.26232	13.76427	1.77650
										11.75553	11.94467	2.83713
										11.96143	13.50569	1.31442
										13.37880	14.26465	1.26653
										11.74117	13.10347	4.17309
										10.36929	13.99171	3.25133
										11.36288	11.61906	3.07894
										10.72363	13.90073	0.91459
										10.05325	14.54478	3.34231
										8.90404	13.89355	3.36385
										13.29500	11.95904	2.00395
>	11:19:47	51.116227	17.055524	127.10	23	41	57	0.00	8.00	51.20	11.96383	13.10347	3.00951
										10.87446	12.61984	4.51546
										10.43393	13.33570	4.18985
										11.25275	12.93587	4.09648
										11.78666	12.68687	3.44765
										12.63420	12.67490	4.26168
										12.80419	12.51928	4.30238
										11.60709	14.36760	3.22738
										12.33253	14.13537	4.34548
										9.04769	13.60146	4.10127
										10.73799	13.13698	3.60567
										11.87285	13.32613	3.18189
										10.95108	14.33887	3.79960
										9.55287	12.70842	4.49631
										9.47864	13.63977	3.07894
										11.21923	14.08509	3.27527
										11.81539	13.71399	3.36146
										12.94784	13.18966	4.85784
										12.28944	12.53604	3.62003
										8.85855	13.41711	4.72615
										11.01093	13.44344	3.26809
										9.79468	12.71082	3.94325
										11.71483	11.68849	3.64158
										13.61822	12.29423	3.85706
										12.21043	13.05558	2.74615
										12.90714	12.69166	3.50032
>	11:19:52	51.116043	17.055567	110.20	26	45	52	0.00	8.00	51.10	13.33092	11.69807	5.42047
										11.59033	11.68610	5.24091
										10.08438	11.62385	4.80277
										10.85052	12.14579	5.24809
										11.25514	11.60709	5.55215
										9.98143	12.50970	4.21140
										10.51055	11.55921	4.07493
										10.37168	12.75870	1.53229
										11.38682	12.35647	3.88340
										11.63103	12.25113	4.30717
										10.82897	12.59111	4.72376
										10.59195	11.48977	4.05338
										11.81060	12.20564	5.02304
										11.37006	12.53365	4.56574
										8.30788	12.43070	4.40294
										10.24000	12.74434	1.79086
										11.28866	15.42584	1.50595
										10.40281	13.52006	2.54743
										10.44830	13.84567	1.95606
										10.64701	13.37162	2.26970
										10.49139	13.60385	2.95205
										11.07797	14.04199	3.25851
										11.99256	12.72518	3.68707
										10.63744	16.25902	-1.69270
										10.23042	12.99094	4.56095
										11.82257	12.39957	4.35026
>	11:19:57	51.116072	17.055734	109.40	30	52	64	0.00	8.00	51.10	11.19289	13.00530	2.88262
										11.62385	13.24472	5.51385
										10.58955	13.18487	2.63123
										11.31739	13.27824	5.17387
										11.20247	12.65096	4.45800
										11.47301	12.79940	3.28484
										11.04685	13.30219	5.80115
										10.65180	12.82574	3.32794
										12.31338	12.97897	3.07176
										12.03805	13.41950	5.15711
										12.14339	13.51766	2.68869
										11.59272	12.87841	5.35344
										11.52090	11.80820	4.07972
										11.00136	13.59188	4.27126
										9.89763	13.44105	4.34069
										9.83538	11.03727	3.75171
										10.52730	13.45302	3.64637
										13.08910	12.83053	4.85305
										10.80982	13.89834	5.01106
										10.67575	12.51689	4.13479
										12.28944	11.95664	4.75249
										12.56716	12.61505	3.55778
										11.60709	14.08269	3.66792
										11.99256	12.89756	3.31358
										10.92953	13.07952	4.95839
										11.61188	13.28782	2.26491
