>	10:50:00	51.108776	17.054130	119.50	32	59	75	0.00	7.70	50.00	10.04607	13.39556	5.03501
										10.27352	12.28944	4.36463
										10.73321	12.95503	4.33351
										13.25430	13.39556	3.31358
										13.42190	12.04523	4.36463
										11.42274	12.80419	5.71257
										10.66377	13.44584	3.56257
										12.17691	11.08037	4.59687
										-2.30083	4.90333	0.00000
										10.76194	13.72356	6.01184
										10.32859	13.53203	2.19309
										11.03488	10.96784	5.21218
										12.20564	12.75152	4.18267
										12.93827	13.02925	4.77883
										11.95904	12.34690	6.00466
										10.02931	11.92552	4.42688
										10.24000	12.66293	3.25611
										11.43231	12.91432	4.95360
										11.37725	13.33570	3.91452
										11.07318	13.80497	3.51948
										9.85693	12.83292	2.29604
										10.53209	13.57752	1.92733
										11.92552	13.25430	3.64398
										11.80581	12.38042	4.90093
										11.85369	12.98854	2.82995
										11.90637	12.95263	1.54905
>	10:50:04	51.108952	17.054046	119.90	32	59	75	0.00	7.70	50.00	10.63983	13.68526	1.11330
										11.53287	13.75229	-0.55306
										10.07480	12.23676	8.16662
										11.01333	14.11382	3.61046
										12.60308	12.14579	2.71024
										11.00375	12.83532	4.23055
										11.75314	13.48414	4.70700
										10.02452	13.19684	6.17704
										10.28549	11.83454	0.47166
										12.72279	13.16093	3.85227
										12.41394	14.24789	3.54821
										11.42752	14.24789	5.19781
										9.86172	13.01009	0.67516
										12.83771	13.77384	2.16196
										10.39084	14.96616	1.84593
										9.74679	14.80335	5.65271
										10.53928	13.05079	2.50194
										12.25113	11.50893	4.39097
										12.24874	12.78025	3.11725
										11.96861	13.65653	3.25851
										10.92474	15.52161	2.43730
										10.25676	12.65814	8.65983
										10.33816	12.42591	3.17711
										10.03649	13.79539	3.52426
										11.68131	12.21043	0.76375
										11.16416	13.44344	2.75094
>	10:50:07	51.109085	17.054102	118.10	31	58	75	0.00	7.70	50.00	10.29986	14.02763	4.07733
										12.47379	15.20797	3.30639
										10.40999	12.67251	1.78607
										10.44590	13.49372	3.40216
										12.04044	13.72596	1.96325
										12.63181	12.25113	5.72454
										10.31422	14.05157	2.81558
										11.25035	12.62463	4.58729
										11.32218	13.83609	4.90811
										10.06283	13.95341	2.83473
										10.65180	10.39562	12.06917
										10.30704	13.18487	2.19788
										12.40675	13.48414	4.82192
										11.74117	13.91510	0.22027
										9.82820	12.67730	5.15472
										10.97981	12.92869	6.99346
										11.19768	12.40675	6.79474
										11.12825	12.11227	4.53941
										12.21522	11.59272	4.72615
										10.45308	14.05875	3.57694
										11.68131	10.80982	6.88333
										12.89038	13.88876	1.98479
										11.64300	12.82334	4.25210
										10.90798	8.53533	9.66300
										12.45703	13.92707	3.59370
										11.11628	8.87291	6.44759
>	10:50:11	51.109254	17.054273	118.00	32	57	73	0.00	7.70	50.10	11.85848	13.94862	3.85466
										10.83376	12.88559	3.07416
										12.13142	12.40675	4.00789
										10.54406	13.70920	3.09570
										10.74997	13.22078	3.41413
										11.27190	12.72039	3.69904
										11.05642	13.31655	2.83952
										13.12741	13.87200	2.30083
										11.97580	15.28937	-1.22104
										10.30464	13.47936	0.53391
										11.02769	15.35162	0.21548
										9.90721	14.28860	3.14359
										10.70208	14.61181	1.16598
										11.60948	12.57914	2.28167
										12.38760	12.10987	3.11486
										13.06037	13.92947	2.24576
										12.41154	13.46978	3.26569
										10.69011	13.02685	3.50032
										10.16817	13.41471	2.56898
										10.68772	14.00847	2.86347
										11.70525	13.33570	3.81875
										10.38365	12.41394	4.59447
										10.17536	12.15297	4.82910
										13.70441	13.71399	2.47560
										12.46182	12.51210	3.71580
										12.81616	13.37880	3.89537
>	10:50:14	51.109389	17.054413	117.40	36	60	80	0.00	7.70	50.10	10.89122	12.75870	3.37104
										10.38126	13.46738	4.02705
										11.52090	11.58075	1.75495
										11.14501	14.18565	1.93691
										11.87764	12.95981	2.37984
										11.69089	13.18726	2.92811
										11.42752	12.37084	5.89692
										11.90876	12.05481	6.51223
										11.63103	10.48182	4.61841
										12.33972	12.98136	-0.68714
										12.38999	13.86482	1.75495
										11.22641	15.50485	3.12922
										10.96066	11.36288	8.59997
										11.19529	12.39957	3.41892
										12.09072	11.87764	3.56018
										11.60709	13.15135	5.78679
										11.64061	12.96939	5.30076
										11.68849	12.95503	3.04303
										11.10670	12.78264	0.96965
										10.56082	12.27747	5.17148
										11.35570	11.97580	5.84664
										13.71638	12.73955	4.28562
										12.27028	13.96538	3.71101
										9.71806	13.15853	4.13239
										9.10515	13.21360	3.18908
										11.36528	13.03164	3.67989
>	10:50:18	51.109556	17.054557	117.00	36	60	78	0.00	7.70	50.10	11.16177	12.16973	4.59687
										11.93749	13.20402	1.90578
										13.26148	12.55041	3.64637
										12.50970	13.14656	3.50751
										11.11628	12.97418	3.47878
										10.74997	12.28465	4.27126
										11.69328	12.60068	3.96001
										11.10910	12.25592	3.48356
										11.00854	12.91672	3.79960
										11.14022	12.26789	3.99592
										12.27507	12.88320	1.74537
										12.44745	12.22001	4.65672
										11.48499	12.71560	4.69982
										9.75637	12.98854	2.88262
										9.92397	12.03326	3.65355
										11.82496	12.52886	3.83072
										11.55921	12.41154	4.19704
										10.87925	13.12980	3.79481
										11.48738	12.44745	4.19943
										11.53766	12.25352	3.71341
										10.91038	12.47379	4.13239
										11.11388	12.13142	4.29759
										12.69885	13.21839	2.60250
										12.68448	12.70363	3.78523
										11.08515	12.89756	4.00550
										10.60153	12.72758	3.97198
>	10:50:22	51.109700	17.054571	116.20	35	59	76	0.00	7.70	50.10	10.96544	12.50970	3.96480
										12.42830	12.90475	3.38540
										13.73075	12.15297	4.43167
										13.96298	13.23275	2.88022
										11.68131	12.86405	3.52187
										11.65019	12.83292	3.35428
										10.73081	12.41154	4.39815
										9.05727	13.56315	2.61207
										9.82820	12.28465	6.28239
										10.93911	12.70363	3.28006
										11.49217	13.17050	2.31280
										12.94305	14.39873	1.39343
										11.22162	13.26867	4.35984
										9.43794	13.30697	3.05021
										11.90158	12.84010	4.52025
										12.78264	11.11628	4.78362
										11.98059	13.84567	-0.82600
										9.80186	15.22712	2.29843
										8.70053	12.16494	2.29843
										9.25598	13.46020	4.50828
										11.26951	9.50737	7.86495
										11.74356	13.58709	1.66876
										11.28387	13.76187	4.35984
										12.26310	11.25035	3.59130
										12.90714	13.97496	3.93846
										10.46984	13.98214	3.90494
>	10:50:25	51.109774	17.054573	116.70	29	54	70	0.00	7.70	50.20	11.21923	14.24311	2.88262
										11.20008	13.69005	4.95121
										11.48020	9.80904	7.10599
										11.70286	15.05235	2.57137
										12.15297	12.62463	4.15633
										11.96143	9.26077	1.57299
										12.64139	14.08509	4.75010
										10.49139	15.45218	1.80283
										11.61427	12.86165	3.41892
										10.86010	12.25352	1.80762
										10.00297	12.26310	0.94571
										10.21606	14.72434	2.78206
										10.67575	12.32296	4.05578
										10.17775	13.01009	3.06218
										11.30303	10.09156	2.05901
										11.02769	13.12741	2.77967
										12.06438	13.99411	2.00395
										12.01650	13.20163	2.14520
										11.08276	12.12184	7.05811
										10.87925	13.30937	2.46363
										10.16817	13.83849	3.44765
										12.14818	10.79306	4.07493
										10.96544	11.91834	5.26724
										11.01572	11.97580	2.87065
										11.30303	12.08354	3.97916
										11.48259	12.85207	3.81396
>	10:50:29	51.109844	17.054760	115.30	29	53	72	0.00	7.70	50.20	11.37006	12.53365	3.72298
										11.62624	13.64934	4.31914
										12.01650	12.86883	3.00233
										11.65497	15.41626	-3.74932
										11.43950	12.46661	4.88657
										12.16973	19.52232	-2.31040
										10.64223	12.20085	6.65588
										11.02290	12.92869	6.30393
										11.35091	17.18319	-12.01889
										10.56322	12.71800	9.29669
										10.13226	11.95425	0.54109
										10.97502	8.20014	5.86101
										13.56076	12.77785	2.78446
										11.71483	11.35570	4.64236
										10.72842	13.88876	4.11563
										11.01812	12.15297	4.18267
										10.99896	12.08354	4.03902
										11.89679	12.82574	1.66397
										12.22958	12.38042	4.38378
										11.35330	12.33732	3.89058
										10.55604	13.49372	3.80199
										10.59195	12.32056	4.35505
										11.73877	11.60470	3.91452
										10.85052	11.82257	4.96557
										10.38365	10.53449	4.78601
										13.07952	11.26472	3.71101
>	10:50:32	51.109870	17.054919	115.30	28	51	67	0.00	7.70	50.20	11.66694	11.00615	4.59208
										12.96221	11.06600	3.84988
										11.23120	12.00453	3.49314
										11.86327	11.31021	3.85227
										12.26310	11.04445	3.02148
										11.73877	10.88404	3.82115
										11.50175	10.04368	3.66792
										11.91834	10.36450	2.94247
										11.85130	11.92791	4.09408
										14.23592	11.72680	3.36385
										13.27345	13.51527	0.60573
										10.90080	13.78102	3.06458
										13.65413	9.99579	4.45800
										14.81532	11.30542	5.43244
										12.28226	11.35091	4.04859
										11.14261	14.32690	2.43490
										13.57273	12.64617	3.13401
										15.87835	14.42028	2.92332
										12.00213	14.03960	4.31675
										8.54012	13.29979	3.66313
										8.09719	13.77145	3.06218
										10.23042	14.50886	3.86903
										9.39485	14.02763	4.07972
										11.64540	12.66293	3.68946
										10.57758	12.94305	3.62243
										12.39239	13.24951	3.95043
>	10:50:36	51.109922	17.054971	114.70	26	51	66	0.00	7.70	50.20	12.58871	12.82095	4.28802
										12.30859	14.82969	2.87544
										13.58470	14.36282	3.48117
										12.66772	13.46020	6.24408
										12.02368	11.91115	5.37498
										10.88404	11.93270	4.47476
										10.17057	12.36126	3.16992
										12.97418	13.82412	4.02944
										12.38521	15.79215	3.79960
										10.77630	13.43387	3.00951
										10.37408	13.10586	1.64242
										-2.30083	4.90333	0.00000
										10.62786	14.20719	1.08697
										10.73081	14.25029	5.32231
										11.35809	12.91432	1.74537
										11.70046	15.56231	3.13401
										10.66138	17.34599	3.13640
										12.39957	12.67730	3.39498
										13.22557	12.66293	4.39815
										11.46583	12.00453	5.56891
										11.31260	14.62857	2.18112
										21.93568	28.17496	9.23683
										9.76355	9.81623	9.44752
										8.47547	13.47457	4.29520
										12.84968	12.03086	4.35505
										13.89355	4.03423	21.60528
>	10:50:40	51.110025	17.054917	114.00	26	51	66	0.00	7.70	50.20	11.19768	13.94144	3.17232
										9.80186	11.63582	4.37660
										11.31260	14.02044	3.30879
										14.03481	11.82257	2.84910
										12.93587	12.54083	3.87621
										13.17290	12.95024	4.46997
										22.99391	26.68577	6.47871
										9.94312	12.04283	3.86664
										11.57357	12.11466	4.93206
										9.92636	12.84968	3.97198
										10.18254	13.08671	3.76847
										10.25437	12.20085	4.01029
										11.01093	12.78264	3.73017
										10.37647	13.17769	5.56891
										10.20169	14.64294	-1.61130
										12.99812	8.94234	12.33732
										15.12896	14.28620	-1.66397
										12.38042	11.35570	3.14838
										10.93192	10.45787	6.60321
										10.14663	11.39161	3.58412
										12.06917	14.01087	4.40533
										11.31021	12.63660	3.24414
										12.51928	10.71884	4.08451
										11.03488	12.38760	4.24731
										11.23120	12.87362	4.71179
										12.23198	11.55681	4.29999
>	10:50:44	51.110142	17.054845	113.10	28	50	61	0.00	7.70	50.20	13.22796	11.59751	3.11964
										12.33732	12.24395	2.44687
										10.27352	12.30380	3.12204
										9.87608	12.65814	3.34470
										9.97903	11.41555	4.29041
										12.63899	11.32697	3.75650
										12.31338	12.43309	2.50912
										12.05959	12.00932	2.57616
										11.01093	11.15219	3.53863
										12.38042	11.62864	2.97360
										12.91193	12.11227	3.64876
										11.27669	12.03086	4.12760
										11.56160	11.22162	3.03824
										11.65976	12.35887	4.28802
										11.90397	12.23437	3.44765
										12.17930	12.55280	3.51229
										11.85369	12.35408	4.08451
										11.82975	11.88961	3.79242
										11.36767	13.19684	3.96001
										11.61427	12.37563	3.66073
										11.46823	12.30620	3.93607
										12.16733	12.76110	3.47638
										12.84729	12.87602	3.81875
										12.45943	13.11065	3.74693
										11.99495	12.67012	3.73974
										12.28704	13.30219	3.79720
>	10:50:48	51.110170	17.054715	113.20	29	53	65	0.00	7.70	50.20	11.88721	13.69723	4.09408
										12.25113	12.47379	3.82593
										13.16093	13.37880	3.77087
										12.08593	13.86003	4.12282
										11.14261	12.99333	3.82354
										11.55921	12.45943	3.40695
										11.65976	13.71878	3.81636
										11.27430	13.48893	4.02226
										12.45943	12.50252	3.62722
										12.30620	12.71321	3.71820
										11.62385	12.94066	3.86664
										11.91115	13.07952	3.80199
										11.88721	12.83532	3.76368
										11.93988	13.44584	3.86185
										12.10748	13.06755	3.84509
										12.08114	12.90475	3.77566
										-2.30083	4.90333	0.00000
										11.89439	13.27585	3.85466
										12.02608	13.25669	3.80439
										12.03086	13.17529	3.80918
										11.89918	13.24712	3.80918
										11.93749	13.22557	3.79481
										11.76271	13.29500	3.85466
										11.55442	13.26627	3.88340
										11.87045	13.15614	3.81157
										12.28465	13.31655	3.83551
>	10:50:52	51.110170	17.054712	112.90	29	52	63	0.00	7.70	50.20	11.65258	13.26627	3.84030
										12.08114	13.24472	3.84269
										11.94228	13.23275	3.83072
										11.98537	13.23036	3.83312
										11.88721	13.13459	3.82115
										11.94467	13.22318	3.84269
										11.79384	13.30458	3.82833
										11.91834	13.24712	3.84988
										11.82257	13.06995	3.83551
										11.81060	13.26388	3.84269
										11.78187	13.20402	3.79960
										11.98298	13.35007	3.88818
										11.63103	13.12022	3.79481
										11.94707	13.22557	3.84748
										11.86088	13.20642	3.81157
										12.00692	13.29021	3.85227
										12.05720	13.13459	3.77566
										12.02847	13.22557	3.81875
										11.90158	13.30458	3.82833
										11.76511	13.16572	3.84030
										11.96383	13.20881	3.83312
										12.11227	13.27106	3.81636
										12.16973	13.10586	3.80918
										11.86806	13.27585	3.84509
										11.80102	13.27824	3.86664
										11.97580	13.15374	3.81157
>	10:50:55	51.110166	17.054714	112.40	28	49	60	0.00	7.70	50.20	11.92791	13.37162	3.85466
										12.47140	13.16811	3.80439
										12.02368	13.18726	3.84509
										11.94228	13.18966	3.84269
										11.96622	13.11304	3.80678
										11.63103	13.55118	3.90255
										11.53287	13.15614	3.80678
										11.89679	13.16093	3.82354
										12.02129	13.03403	3.84030
										11.77708	13.24712	3.82833
										11.97819	13.49133	3.83791
										11.76750	13.22557	3.84509
										11.67652	13.24951	3.83791
										11.95664	13.29500	3.83551
										11.77468	13.00530	3.79960
										11.65258	13.26148	3.85945
										11.76511	13.29979	3.84748
										11.88721	13.20642	3.80918
										11.92312	13.33331	3.85706
										11.91115	13.12501	3.81157
										11.76750	13.25430	3.83072
										11.77468	13.34049	3.81875
										11.76032	13.21599	3.81636
										11.86327	13.22078	3.82115
										11.95904	13.19445	3.79481
										11.75074	13.12741	3.83791
>	10:50:58	51.110168	17.054709	112.30	28	49	57	0.00	7.70	50.20	11.88482	13.34767	3.85227
										11.82257	13.14417	3.83312
										11.88482	13.12262	3.83072
										11.99016	13.28064	3.81157
										11.95664	13.19923	3.85227
										12.04044	13.20163	3.79720
										12.05241	13.31894	3.83791
										11.93749	13.18487	3.80439
										11.92312	13.40753	3.87142
										11.82975	13.28064	3.84509
										11.84172	13.21599	3.85227
										11.95904	13.24712	3.83791
										11.83693	13.20163	3.83312
										11.94467	13.12262	3.83072
										11.96143	13.08192	3.81875
										12.02608	13.23754	3.80439
										12.00932	13.30458	3.80918
										11.86806	13.24472	3.87142
										11.82736	13.08671	3.82593
										11.88721	13.30458	3.85227
										11.75792	13.23754	3.83072
										11.74356	13.24472	3.85227
										11.72680	13.19923	3.83312
										11.73159	13.02446	3.81157
										11.81539	13.12262	3.82354
										11.81539	13.06276	3.78284
