>	11:23:02	51.114921	17.067088	114.60	33	54	66	0.00	7.90	51.40	10.94150	12.97178	4.65433
										10.60153	16.89349	-5.86101
										12.63181	8.36773	14.04918
										13.13459	6.70376	14.89672
										10.42675	12.41872	7.72609
										9.82102	13.15135	5.46357
										11.80102	9.74679	3.55778
										11.17613	12.36126	3.06458
										12.30380	19.18953	3.10767
										10.85771	12.03805	4.05578
										9.02375	14.54956	6.40449
										11.45625	11.85369	1.69988
										11.48977	12.38042	1.55623
										12.08114	14.26944	3.43807
										10.74518	11.33415	4.43167
										10.06762	14.60224	7.23528
										11.66455	12.13381	6.44759
										10.65420	15.22473	4.25210
										11.81539	13.90552	2.96163
										12.99094	8.45632	8.46829
										11.53048	11.41555	7.28077
										8.05170	13.27585	4.47716
										10.07959	10.36450	0.98881
										10.84573	16.54154	-2.91135
										10.05325	12.47379	4.08930
										12.16973	8.67419	4.11563
>	11:23:07	51.114803	17.066838	111.90	32	51	63	0.00	7.90	51.40	11.15459	15.31092	16.02200
										11.71243	11.84172	1.61369
										11.37964	12.67730	5.66947
										9.93594	11.57357	-0.35913
										10.45069	14.30775	-0.12929
										11.32697	15.05713	2.23858
										10.79785	11.18092	13.55597
										9.73961	9.83059	11.92312
										10.35013	8.97586	12.42112
										9.24401	11.34612	6.03578
										11.01333	14.67406	3.42131
										11.85609	12.08832	2.53307
										11.34612	14.96137	3.60327
										10.93671	13.21120	3.65355
										11.31021	13.35965	4.22337
										10.93192	15.06192	1.04148
										10.76194	12.84250	-2.47082
										13.58709	12.39239	7.37175
										11.00615	10.99896	3.72059
										9.14824	11.94946	6.18662
										15.41866	16.75941	-4.86262
										11.93031	14.21677	1.61130
										12.06438	13.49851	-0.67038
										9.39724	14.57111	3.55060
										12.01889	13.36683	5.75087
										10.33577	10.79785	5.08289
										11.46583	13.04361	3.39977
										11.85130	12.93587	2.79643
										11.49935	12.60787	5.24330
										9.68694	11.24317	5.24570
										11.87764	13.38598	3.55300
										11.98059	13.09149	4.29280
										11.79623	11.94707	1.32399
										10.59195	14.71716	4.25928
										12.06438	12.70363	2.96402
										7.49864	13.78581	2.77009
										12.80659	13.60385	4.36702
										12.54083	11.58554	4.10606
										10.50815	13.04601	3.11246
										10.42196	15.32050	0.00479
										12.10748	13.09389	1.48441
										11.83214	13.15135	3.99113
										11.10670	14.34845	3.04542
										11.46104	12.38999	1.51314
										11.53048	15.44499	0.66798
										11.41316	17.24065	-6.96234
										12.72758	10.06762	8.31746
										11.21444	11.04206	-1.30963
										11.10910	9.58160	1.40061
										12.73236	11.86566	9.32542
										18.78012	26.82464	3.50990
>	11:23:16	51.114606	17.066213	111.60	32	51	63	0.00	7.90	51.40	11.51850	11.09713	5.22654
										10.03649	15.66287	1.91297
										12.57435	11.18332	9.09078
										12.65575	12.24634	6.20577
										11.27908	12.60547	2.96163
										10.93911	13.00051	-3.10049
										12.08114	14.01805	1.20907
										10.48900	13.82652	8.70532
										11.45147	14.94461	3.28245
										11.50653	13.94623	-1.15161
										10.11311	9.36612	9.07642
										11.70525	15.51443	4.16831
										12.39957	16.97728	-0.54827
										10.73560	13.63498	-1.42216
										9.98143	11.75553	-2.11169
										13.24712	10.66377	3.45723
										12.31577	16.11298	2.90417
										11.22641	14.26944	1.03908
										9.38766	14.88236	3.57215
										11.01093	12.50013	2.47800
										11.22402	13.27824	7.15387
										11.33415	13.62301	2.92811
										11.72680	14.40112	-7.06289
										11.59033	15.69399	-0.69911
										12.38760	15.97651	5.72214
										14.37239	12.26550	7.61596
>	11:23:21	51.114545	17.065919	111.20	24	45	60	0.00	7.90	51.30	13.57991	14.56393	0.76136
										10.67335	10.53209	7.46751
										10.25676	13.48175	4.63757
										10.52970	13.97496	3.82354
										11.54723	12.99573	0.60813
										12.71560	12.37802	5.28640
										11.54484	15.47851	2.28407
										10.23282	12.68448	2.45166
										11.04206	13.07474	4.73334
										10.24000	13.47217	4.40533
										10.12029	15.58625	-0.64643
										-2.30083	5.51624	0.00000
										13.41711	14.38197	-1.36948
										11.62624	11.29345	7.84340
										10.99417	14.82729	6.68701
										11.86806	12.82813	2.66714
										11.27908	15.25825	3.58891
										11.30303	11.52808	4.70221
										13.46499	10.63265	9.55765
										11.56639	20.70266	-10.79067
										10.83616	17.20473	0.13647
										12.16015	11.88242	8.28394
										10.33098	16.68759	-6.74207
										12.10508	11.88482	3.77326
										12.54562	20.90856	-6.17465
										11.05882	12.45224	6.57208
>	11:23:26	51.114435	17.065651	110.60	26	46	62	0.00	7.90	51.20	11.79623	13.89834	2.13563
										9.43794	10.47942	3.72298
										12.45224	15.11220	5.14275
										11.67173	12.18888	3.51708
										11.60709	12.92869	3.69665
										10.90798	13.67329	2.94966
										12.45703	12.86644	3.44047
										10.93911	13.77624	2.72700
										11.78905	13.37162	4.32632
										10.03410	13.59667	2.89459
										10.52012	12.91193	4.18028
										11.99495	13.19205	4.91290
										12.03805	13.10825	3.76847
										11.84412	14.13297	3.43089
										13.20642	12.66293	4.12521
										12.44745	13.27585	2.48518
										11.60230	12.78264	4.06775
										10.99896	12.76349	2.72939
										12.25113	13.53921	4.30956
										11.83214	13.55358	2.23858
										10.19212	12.85447	3.79242
										10.49857	13.48414	4.13239
										9.74919	13.67807	3.61285
										10.99657	12.50970	3.76368
										11.44907	12.78504	3.86664
										12.20085	14.14973	3.65355
>	11:23:30	51.114347	17.065427	111.70	26	46	64	0.00	7.90	51.10	11.88242	13.24472	3.15556
										10.69011	12.32535	-5.09965
										21.03067	27.83978	11.99016
										10.34774	16.95334	-3.10767
										11.18810	10.86249	5.38217
										13.39077	14.00847	-0.05746
										12.15776	14.25987	0.64883
										11.05642	14.95658	3.48596
										10.84095	12.18649	1.10852
										10.29746	12.90235	6.43083
										10.54167	12.55759	0.67277
										11.70286	12.78025	-0.49081
										12.59829	13.40274	1.16598
										12.83292	14.40352	5.09726
										11.23359	11.16895	4.96797
										12.11945	12.29662	5.89692
										11.03727	13.81933	0.76854
										12.81377	13.98214	-1.09894
										11.58075	12.02608	8.05409
										12.80898	12.46182	0.50518
										11.82257	14.51126	6.26563
										10.56801	11.97340	3.29442
										9.61511	15.18403	0.48602
										11.01093	14.39155	-1.48201
										9.73482	15.68920	-4.10127
										13.38598	17.59738	-6.28717
>	11:23:35	51.114266	17.065142	111.80	26	49	63	0.00	7.90	51.10	13.90792	13.83849	4.49631
										11.70286	19.34994	-2.70066
										12.15297	16.94137	-3.87861
										11.75553	15.16248	1.26893
										10.78588	12.87841	8.43238
										11.42992	17.35557	-0.13408
										8.89925	14.36042	0.49081
										12.66293	10.65899	7.37893
										24.80872	28.18933	-11.77947
										11.35570	11.13064	1.53947
										11.11388	11.63103	2.63362
										12.95503	9.63187	6.62476
										10.72363	7.67581	13.27345
										11.12107	12.22240	-0.57940
										12.79940	13.29740	-3.67749
										12.44985	18.67717	-1.46286
										13.82891	16.36676	-1.80283
										13.73793	16.08425	4.46279
										12.03805	13.54879	2.55940
										12.63420	16.77857	-1.97761
										11.11867	16.71871	-6.64870
										9.05248	10.45069	7.97269
										10.18254	12.48816	3.70144
										11.37725	14.37958	5.08050
										11.73398	13.17290	4.65433
										9.92397	14.58069	0.72784
>	11:23:39	51.114266	17.064901	111.90	27	50	60	0.00	7.90	51.00	9.18176	13.58470	2.28407
										12.15776	12.97897	5.40371
										11.12346	13.40992	5.02543
										11.21444	13.52245	4.34069
										12.71560	11.58315	3.67749
										10.47463	14.87278	3.46202
										11.51132	8.93756	11.08276
										11.96622	14.92785	-0.03591
										12.92390	11.90397	3.65116
										13.24712	15.20079	3.03824
										10.61350	12.58392	5.04219
										11.30781	11.48738	3.01430
										11.99974	13.22557	3.85945
										11.19529	15.27980	2.01831
										9.95749	12.80659	3.28484
										12.78743	11.92312	5.57131
										13.85285	12.86883	2.09971
										9.11473	13.42190	4.58968
										11.32218	13.91989	2.71981
										10.19930	11.72201	2.72700
										10.63265	12.35408	6.05494
										10.33816	12.63660	4.32153
										12.33732	13.27106	3.10767
										10.68293	13.64216	3.88340
										10.56801	11.47780	3.84269
										10.83376	12.92151	1.49398
>	11:23:44	51.114238	17.064643	112.00	27	53	63	0.00	7.90	51.00	12.93108	15.82328	1.02951
										10.47703	16.16326	0.77572
										9.02614	12.42591	2.77727
										11.43710	12.51210	4.29280
										11.16177	13.54639	4.32393
										10.28310	14.02284	2.84671
										10.28070	14.34606	-2.55461
										10.87686	13.82412	5.29837
										11.33176	10.99417	9.63666
										11.11867	11.73877	6.43801
										13.01009	12.77546	5.23851
										11.64061	15.89989	0.18435
										10.42914	14.01805	1.41737
										8.86094	12.96700	6.33745
										12.03805	14.93742	-6.71813
										14.42746	14.78898	2.14760
										10.45548	12.28944	0.84755
										12.11945	13.29740	2.50673
										12.89038	11.90158	4.39815
										10.40281	12.21282	5.30555
										11.54245	14.01087	3.08852
										12.67251	16.25663	-3.16035
										10.27831	15.04756	1.58017
										11.73877	12.94305	8.80587
										8.82982	12.88559	6.66067
										8.60955	10.95108	8.21211
>	11:23:49	51.114195	17.064403	112.80	29	53	69	0.00	7.90	51.00	9.67018	12.35408	4.92008
										11.68131	12.18888	7.43400
										12.08832	12.41154	4.97276
										9.38766	13.45781	5.88734
										12.37084	12.17212	2.34871
										10.29986	12.45224	2.41575
										11.88482	13.49611	5.58088
										13.71399	13.02446	4.04141
										11.43950	13.73554	3.84988
										10.87207	13.40992	2.44927
										11.63582	14.11142	2.89220
										11.24557	14.26944	1.74537
										9.13148	12.60547	3.62482
										10.29267	12.26550	4.12282
										12.86644	13.12262	3.95043
										13.37880	14.31972	2.48039
										11.21205	12.84250	4.14676
										10.06762	12.05959	5.11880
										10.25915	12.47858	3.03106
										11.48738	11.53287	4.42448
										7.76918	14.07551	2.56658
										14.32211	13.85764	4.10366
										16.11537	13.41950	3.78044
										7.80031	13.54639	3.05021
										22.38579	26.47987	10.60631
										-2.30083	5.51624	0.00000
>	11:23:53	51.114192	17.064195	112.90	28	52	68	0.00	7.90	50.90	10.29028	13.03164	3.85227
										11.02769	12.78983	3.40455
										10.85292	12.06199	0.60813
										8.81306	11.48499	3.43329
										12.20803	11.75074	5.06374
										10.26155	14.34845	3.00472
										10.06522	12.67251	5.60961
										15.44021	11.20965	0.08140
										15.74667	12.84010	1.98958
										11.96622	14.87518	2.78924
										10.29028	12.02129	4.44364
										10.12987	10.61350	6.17465
										11.40119	13.38598	0.78530
										11.88003	8.76278	12.45943
										11.52329	14.76744	-1.87466
										10.67096	14.58069	3.20344
										8.73644	11.69567	4.70461
										11.34852	11.44189	3.90494
										12.15297	12.66533	3.50511
										11.90397	11.19050	5.86579
										9.81862	13.80018	2.12845
										11.21923	12.78025	2.77967
										13.43147	14.06354	2.74854
										12.56956	11.76990	8.12113
										10.45787	12.30380	5.12120
										9.83778	13.80257	3.63679
>	11:23:58	51.114182	17.063933	111.40	28	50	67	0.00	7.90	50.90	12.59829	11.50653	6.12916
										13.26148	14.52323	2.14520
										11.25514	16.46493	-1.98719
										11.43471	11.15219	7.73327
										12.68927	13.78342	4.28562
										9.27035	14.46577	1.08697
										9.60075	10.49857	4.77404
										11.88961	14.62857	-1.69509
										12.22479	13.00530	5.41329
										11.11628	12.03086	8.48744
										11.96861	10.84573	7.48906
										12.18649	11.47062	-0.57221
										9.02375	13.43626	4.54419
										11.63821	11.00375	4.71179
										13.88158	11.36528	3.27527
										10.70687	14.44182	4.74052
										13.18247	12.60068	3.71820
										11.74117	14.72434	2.55461
										11.01812	12.90235	2.93050
										11.37006	12.34450	4.57532
										10.12029	12.40675	4.95839
										11.45625	10.80024	7.83622
										10.96305	13.50569	4.61602
										12.93587	14.23114	2.35829
										13.40514	12.36605	3.67989
										8.89446	11.65258	3.46680
