>	15:19:01	51.376107	17.629358	238.30	14	23	31	0.00	16.20	45.80	3.93367	-0.92177	-9.31105
										4.71897	-0.88107	-9.78510
										3.88579	-0.88585	-9.71088
										4.53462	-0.29449	-9.78031
										4.00071	-0.43335	-10.01016
										4.69024	-0.44772	-10.42435
										4.50349	-0.80924	-10.55604
										4.45082	-0.68235	-10.31901
										4.82192	-0.76614	-10.37886
										4.51307	-1.14203	-10.11071
										4.61841	-0.90501	-9.87608
										4.57532	-1.03190	-9.42118
										4.19225	-0.90501	-9.90002
										4.08451	-1.09415	-8.98065
										3.85466	-0.85473	-9.01178
										4.50589	-0.70629	-9.94551
										4.29520	-1.24977	-9.21768
										4.09887	-0.81163	-9.00459
										4.28323	-0.61052	-9.20810
										4.00789	-0.75417	-9.28471
										4.07014	-0.67995	-8.90404
										4.46758	-0.48363	-9.66060
										4.13718	-0.96486	-9.80186
										3.88818	-0.86670	-9.08839
										4.59687	-0.53630	-9.76116
										4.34308	-1.11330	-10.08677
>	15:19:03	51.375767	17.628761	237.90	14	23	31	0.00	16.20	45.70	4.14436	-1.12767	-9.27274
										4.20422	-0.88346	-9.43316
										4.17549	-1.02711	-9.43316
										4.05099	-0.79966	-9.44752
										4.22337	-0.93613	-9.67018
										4.57293	-1.06542	-10.16339
										4.58968	-1.30245	-9.75398
										4.54898	-1.18034	-10.18733
										4.65193	-1.22583	-10.45548
										4.54898	-0.99359	-10.36211
										4.64475	-0.72784	-10.57998
										4.64236	-0.73263	-10.76194
										4.76446	-0.81642	-10.76433
										4.70939	-1.04866	-10.44590
										4.57532	-1.19231	-10.24239
										4.79319	-1.25935	-10.38605
										4.55617	-1.46765	-10.00776
										4.60405	-1.07739	-9.60554
										4.59208	-1.11809	-10.01495
										4.35984	-1.10373	-9.86651
										4.26647	-0.87628	-9.47146
										4.28083	-0.69432	-9.34218
										4.66151	-0.62728	-10.38365
										4.15633	-1.15640	-9.23444
										3.84988	-0.55785	-8.99502
										4.45322	-0.73741	-9.75877
>	15:19:04	51.375593	17.628468	237.90	14	23	31	0.00	16.20	45.70	4.21140	-1.23780	-9.43555
										4.31196	-0.95050	-9.48822
										4.46519	-1.07500	-10.22085
										4.32872	-1.41018	-9.97185
										4.45800	-1.03669	-9.84735
										4.77164	-1.00796	-10.31901
										4.24492	-1.13485	-10.14423
										4.69264	-1.11570	-9.97185
										4.31435	-1.32399	-9.74440
										4.67348	-1.14922	-9.92875
										4.30717	-1.34554	-9.66539
										4.11563	-1.09176	-9.18655
										4.00071	-1.01754	-9.29908
										4.30956	-1.19710	-9.83538
										4.22337	-1.50356	-9.73482
										4.35266	-1.27132	-9.74919
										4.90811	-1.09176	-10.90559
										4.73094	-1.52989	-10.60392
										4.85065	-1.01275	-10.58955
										4.65912	-0.96965	-10.63744
										4.66151	-0.92656	-10.62307
										5.12838	-1.00796	-10.88404
										4.46519	-1.27850	-9.98861
										4.51786	-0.84755	-10.37168
										4.35026	-1.27850	-10.00537
										4.28083	-1.23780	-9.36612
>	15:19:05	51.375421	17.628175	238.00	14	23	31	0.00	16.30	45.60	4.16112	-1.25935	-9.73243
										4.55856	-1.26653	-9.83059
										4.20901	-1.43173	-9.41879
										4.42448	-1.18274	-9.82580
										4.36463	-1.52271	-9.70849
										4.23055	-1.50595	-9.47625
										4.49870	-1.32639	-9.79707
										4.48913	-1.66636	-10.01973
										4.34548	-1.60172	-9.80426
										4.77643	-1.55144	-10.39323
										4.57532	-1.91536	-9.95030
										4.86262	-1.65439	-10.06762
										5.05895	-1.86748	-10.43872
										4.78122	-2.18830	-9.87848
										4.71418	-1.92733	-9.34936
										4.61363	-1.92254	-9.77074
										4.05099	-2.06380	-9.06205
										4.04141	-1.40300	-8.91840
										4.37899	-1.25696	-9.54568
										4.11084	-1.55863	-9.31344
										3.99353	-1.16837	-8.91840
										4.02226	-0.96726	-9.77074
										4.04141	-1.30005	-9.92397
										4.42927	-1.16358	-9.95270
										4.59687	-1.31921	-10.38605
										4.44603	-2.00395	-10.09156
>	15:19:06	51.375252	17.627874	237.50	14	23	33	0.00	16.30	45.60	5.13556	-2.16196	-10.70687
										5.04458	-1.72622	-10.47463
										4.92008	-1.24738	-10.06044
										3.95522	-1.30245	-8.92319
										3.87142	-0.79727	-8.56167
										3.60088	-0.77572	-8.36534
										3.47878	-0.76614	-8.53533
										3.63440	-0.73741	-8.51378
										3.52905	-0.76136	-8.60715
										3.75650	-0.79248	-9.28471
										3.88100	-1.01514	-9.73961
										4.11084	-0.89543	-9.85693
										4.34308	-0.82600	-10.34295
										4.53701	-0.92177	-10.78827
										4.48913	-0.88346	-10.56322
										4.55856	-0.72544	-10.97742
										4.33829	-0.88107	-10.62786
										4.50589	-0.80206	-10.65180
										4.45322	-0.96965	-10.83137
										4.23295	-0.93374	-10.34056
										4.19704	-0.71826	-10.11071
										4.38857	-0.73741	-10.33337
										4.26647	-0.97923	-9.92875
										4.16352	-0.89543	-9.46428
										4.07254	-1.00078	-9.68215
										4.03423	-1.17555	-9.56244
>	15:19:08	51.374915	17.627288	237.60	14	23	33	0.00	16.30	45.60	4.01029	-0.96247	-9.17698
										4.03902	-0.70629	-9.65103
										4.25210	-0.78530	-9.92875
										3.90015	-0.79009	-9.54568
										4.10845	-0.53151	-9.67018
										4.07972	-0.72784	-10.00297
										-2.30083	6.12916	0.00000
										4.02944	-0.80924	-10.31901
										3.98156	-0.55306	-10.54885
										4.30717	-0.28730	-10.80024
										4.29999	-0.15562	-10.80743
										4.15873	0.10295	-10.78109
										4.09408	0.23942	-10.73321
										3.80678	0.26097	-10.17296
										3.76129	0.36871	-10.05565
										3.70622	0.11971	-10.15860
										3.58173	0.10295	-9.81623
										3.58891	0.14126	-9.62230
										3.63440	0.16520	-10.40520
										3.67271	-0.02155	-10.12029
										3.38780	0.16520	-9.92636
										3.90494	0.35674	-10.86010
										3.75411	0.03591	-10.52252
										3.74453	0.44532	-10.32140
										3.93128	0.56743	-11.03248
										3.61285	0.21308	-10.64941
>	15:19:09	51.374757	17.626987	237.40	14	24	34	0.00	16.30	45.50	3.77566	0.12450	-10.60631
										3.32794	0.15323	-10.34774
										3.71820	0.10774	-10.39323
										4.04859	0.09816	-10.52491
										3.92410	-0.11013	-9.92157
										3.62003	-0.08859	-9.92636
										3.68946	-0.27533	-9.95509
										3.52666	-0.32082	-9.60075
										3.90015	-0.05267	-10.02213
										3.39498	-0.25379	-9.15303
										3.68946	0.05746	-9.73722
										3.96001	-0.26097	-10.69011
										3.45244	-0.56264	-9.47625
										3.91452	0.08619	-10.01734
										4.04620	-0.25857	-10.83137
										3.56497	-0.31843	-9.96706
										3.79960	0.21069	-10.26394
										3.90494	-0.24181	-10.95347
										3.94325	-0.43096	-10.15381
										4.20901	-0.28252	-10.80503
										4.28562	-0.77333	-10.74278
										4.32393	-0.46208	-10.72124
										4.10845	-0.22745	-10.44830
										3.97677	0.09577	-11.07558
										3.76129	0.01676	-10.38605
										3.63200	0.20351	-9.86890
>	15:19:10	51.374613	17.626676	236.60	13	21	31	0.00	16.30	45.50	3.70144	-0.38068	-9.98143
										3.63200	-0.39744	-9.59117
										3.50751	-0.29449	-9.48343
										3.80918	-0.34477	-10.30704
										3.99832	-0.73502	-10.42675
										4.01268	-0.89064	-9.99340
										4.59447	-0.53630	-11.23120
										4.40054	-0.91219	-10.76433
										4.41251	-0.53391	-10.69969
										4.51068	-0.23224	-10.84573
										4.05817	-0.23224	-10.42675
										3.98874	-0.15323	-10.36929
										3.45483	-0.32561	-9.63427
										3.86185	0.10534	-9.97185
										3.92410	-0.49560	-9.98143
										3.89537	-0.66559	-9.66060
										3.81157	-0.30646	-10.01734
										3.70622	-0.26097	-10.17775
										3.90494	0.07422	-10.03889
										-2.30083	6.12916	0.00000
										3.91931	0.15562	-10.41238
										3.00472	0.08140	-9.35893
										3.46680	0.53151	-10.45308
										3.49793	-0.33998	-10.07241
										3.64158	-0.51954	-9.70131
										4.10366	-0.50518	-10.48900
>	15:19:11	51.374477	17.626360	235.80	13	21	30	0.00	16.40	45.50	4.49152	-1.69270	-10.13226
										4.32153	-1.46046	-10.28788
										4.38139	-1.30723	-9.94551
										4.21858	-0.83079	-10.32380
										4.55377	-0.64404	-10.21606
										4.07972	-1.02711	-9.39964
										3.94325	-0.56982	-10.31901
										3.67989	-0.86910	-9.43316
										4.17309	-0.72784	-9.26077
										4.33829	-0.90501	-10.55843
										3.68707	-1.43173	-9.05966
										3.39737	-0.97923	-8.37013
										4.28562	-0.84515	-10.52491
										4.33111	-1.81720	-9.99100
										4.19464	-1.34315	-8.97826
										4.58011	-1.09894	-10.77630
										4.35745	-1.69749	-10.40759
										4.80516	-1.42455	-9.74440
										4.24492	-1.22344	-10.57519
										4.07972	-0.73023	-10.01016
										4.27365	-0.62728	-9.87129
										4.27365	-0.91698	-10.00297
										3.96240	-1.17076	-9.38766
										3.99592	-0.86431	-9.73722
										3.98395	-0.73502	-9.93115
										4.07493	-0.55306	-9.82580
>	15:19:12	51.374350	17.626044	234.70	13	21	30	0.00	16.40	45.50	3.40934	-1.44131	-9.40921
										3.80199	-1.44610	-10.10114
										3.64398	-1.66636	-9.72046
										3.93128	-1.49159	-9.83059
										3.76608	-1.69031	-10.38605
										4.28562	-1.53468	-9.64863
										4.66391	-0.93134	-9.50737
										4.70221	-0.82600	-9.38766
										5.12120	-0.77333	-9.73961
										4.96318	-0.92416	-9.90960
										5.33189	-1.18513	-9.23683
										5.62398	-1.23062	-9.42597
										5.20499	-1.26174	-9.42358
										5.04937	-1.01275	-9.32542
										4.56095	-0.84994	-9.72525
										4.67109	-0.80206	-9.88566
										4.22337	-0.96247	-10.11311
										4.24731	-1.00556	-9.20331
										4.93924	-1.13006	-9.95509
										4.30717	-1.61609	-9.90002
										4.47237	-1.37906	-8.88488
										4.79319	-1.20189	-9.47146
										4.16591	-1.58736	-10.38126
										3.84269	-1.65439	-9.70131
										4.37660	-1.23541	-9.79228
										3.99832	-1.50595	-10.65420
>	15:19:14	51.374118	17.625391	232.60	12	20	27	0.00	16.40	45.50	3.77087	-1.19231	-10.31662
										3.71101	-1.20907	-10.18254
										3.45483	-1.28090	-9.87369
										3.78044	-1.28090	-10.26155
										3.83791	-1.62566	-10.41238
										3.44286	-1.53947	-9.65103
										3.69904	-1.38385	-10.22085
										3.88818	-1.68312	-10.40999
										3.48117	-1.64721	-9.70849
										3.88579	-1.44849	-10.42675
										3.75650	-1.85551	-10.13705
										3.80439	-1.71425	-10.15381
										3.72538	-1.67834	-10.59434
										3.50751	-1.56820	-10.21366
										3.99113	-1.38864	-11.03009
										3.45244	-1.50595	-10.00537
										3.78523	-1.07500	-10.56082
										3.46202	-1.63045	-10.31183
										3.07894	-1.30963	-9.55047
										3.24893	-1.24259	-9.99579
										3.11486	-1.40061	-9.87848
										3.40695	-1.27132	-10.03170
										6.75165	-2.81079	-20.63323
										3.14119	-1.39103	-9.77074
										3.46202	-1.24259	-10.26873
										3.64398	-1.47483	-10.62547
>	15:19:16	51.373907	17.624766	232.00	12	20	27	0.00	16.40	45.50	3.50032	-1.86029	-10.23282
										3.17471	-1.68791	-9.96706
										3.37343	-1.47962	-10.01495
										3.72777	-1.72622	-10.64701
										3.39019	-1.79086	-10.29507
										3.53624	-1.42934	-10.54167
										3.67031	-1.70467	-10.86968
										3.45244	-1.76932	-10.04368
										3.66073	-1.54187	-10.46984
										3.42371	-1.95846	-10.75236
										3.37582	-1.73340	-9.96467
										3.54581	-1.68073	-10.52730
										3.61524	-1.90578	-10.55843
										3.46920	-1.67594	-9.96227
										3.65355	-1.55384	-10.69250
										3.66792	-1.66158	-10.33337
										3.41892	-1.34794	-9.97664
										3.72059	-1.24259	-10.14184
										3.83551	-1.24977	-9.67257
										3.86185	-0.99359	-9.65342
										4.17788	-1.00556	-9.96946
										3.93128	-1.17795	-9.94791
										3.81396	-0.97683	-9.38048
										3.98395	-0.79727	-9.46189
										4.15394	-0.97444	-9.87369
										4.07733	-1.15640	-9.50498
>	15:19:18	51.373732	17.624185	228.60	12	21	26	0.00	16.40	45.40	4.23055	-1.42934	-9.49780
										4.25210	-1.31681	-9.95270
										4.49392	-1.49159	-10.07001
										4.04381	-1.57299	-9.47386
										4.05817	-1.32878	-9.65582
										4.75728	-1.75974	-10.29986
										4.49631	-2.14999	-9.73961
										4.37660	-1.69031	-9.59835
										4.51786	-1.80283	-10.07480
										4.62081	-1.81002	-9.95749
										4.80277	-1.59693	-10.06044
										4.65193	-1.60412	-10.18493
										4.68306	-1.43892	-10.05086
										4.65193	-1.37667	-9.90721
										4.74770	-1.26653	-9.99819
										4.46519	-1.39821	-9.58878
										4.14676	-1.19231	-9.42358
										4.06057	-1.03669	-9.38288
										4.14436	-1.05345	-9.57202
										4.21619	-1.09894	-9.51456
										4.14915	-1.11809	-9.53850
										4.40294	-1.37427	-10.18972
										4.39097	-1.65918	-10.01255
										4.13718	-1.54665	-9.24401
										4.36463	-1.38385	-9.90002
										5.08289	-1.77171	-10.52970
>	15:19:19	51.373647	17.623917	228.50	12	21	26	0.00	16.40	45.40	4.85305	-1.51553	-9.91199
										4.27844	-1.09894	-9.11712
										4.67588	-0.84276	-10.00297
										4.54180	-1.78607	-9.87129
										4.65193	-1.35512	-9.51935
										4.80277	-1.27132	-10.22564
										4.68545	-1.36948	-10.02452
										4.69024	-1.16119	-9.99819
										4.57293	-1.42216	-9.51695
										4.58729	-1.38624	-9.52413
										5.07331	-1.71904	-9.82102
										4.58011	-2.10690	-9.58399
										4.47476	-1.53708	-9.25598
										4.44843	-1.35512	-9.53132
										4.56095	-1.32878	-9.43555
										4.86023	-1.38145	-9.57681
										4.25689	-1.52271	-9.28471
										4.31675	-1.53947	-8.89685
										4.68785	-1.64721	-9.57441
										4.59208	-1.77889	-9.24162
										4.66151	-1.53468	-9.29429
										4.45561	-1.59214	-9.33499
										4.48913	-1.31202	-9.33260
										4.74291	-1.40061	-9.96227
										4.22816	-1.50356	-9.16022
										4.21140	-1.01275	-9.32781
>	15:19:21	51.373484	17.623394	227.90	12	20	25	0.00	16.50	45.40	5.09965	-2.35589	-9.89284
										4.85784	-2.33435	-9.10036
										4.48434	-2.01113	-9.03572
										5.02543	-1.92254	-10.02692
										4.38618	-1.88424	-9.27514
										4.72376	-0.94571	-9.51935
										4.16591	-1.16837	-9.34218
										4.23534	-0.93134	-9.44752
										4.97036	-1.04627	-9.82102
										4.36224	-1.26893	-9.25838
										4.63278	-1.14443	-9.68933
										4.37421	-1.66636	-9.68215
										4.50589	-1.27611	-9.46189
										4.47716	-1.17555	-9.51935
										4.63517	-1.27611	-9.78750
										4.71418	-1.41258	-9.80426
										4.57532	-1.47962	-9.73004
										4.48913	-1.50356	-9.49301
										4.85305	-1.52032	-9.79947
										4.79080	-1.60412	-9.89763
										4.50349	-1.30723	-9.49301
										4.47955	-1.19950	-9.82820
										4.65433	-1.30484	-9.62469
										4.51307	-1.14443	-9.68215
										4.67588	-1.47243	-10.03170
										4.15633	-1.63524	-9.41161
>	15:19:23	51.373319	17.622878	227.50	12	20	25	0.00	16.50	45.40	4.54180	-1.60412	-9.84017
										4.31914	-1.52032	-9.85932
										4.43885	-1.50835	-10.01734
										4.32393	-1.64721	-9.47625
										4.05578	-1.59933	-9.33020
										4.97994	-1.60890	-10.48421
										4.25928	-1.86748	-9.79468
										3.88818	-1.35033	-9.26795
										4.24731	-1.49159	-9.83059
										4.58250	-1.75974	-10.30464
										4.42927	-1.98000	-9.08360
										4.64954	-1.58257	-10.10114
										4.83868	-2.14281	-10.42435
										4.53222	-2.08535	-9.10754
										4.20422	-1.34554	-9.21768
										4.35984	-1.48201	-9.97424
										7.80031	-3.14119	-19.06263
										3.62722	-0.92416	-8.90882
										3.78523	-0.83558	-9.43076
										4.07493	-1.51792	-9.91199
										4.06535	-1.75016	-9.38288
										3.60567	-1.54905	-9.44991
										4.41251	-1.59693	-10.46266
										4.36463	-2.03028	-10.07720
										4.29520	-1.45807	-9.89045
										4.51546	-1.57538	-10.38126
>	15:19:25	51.373154	17.622358	225.40	12	19	23	0.00	16.50	45.30	4.05338	-1.42455	-9.39485
										4.04381	-1.51553	-9.83538
										4.21619	-1.66158	-9.78750
										4.03902	-1.76213	-9.40682
										4.10606	-1.55144	-9.66539
										4.34548	-1.84832	-9.98861
										4.31675	-1.92973	-9.89284
										4.08930	-1.65200	-9.43076
										4.35266	-1.53468	-10.31422
										4.39336	-2.03268	-10.16339
										4.15633	-1.38864	-9.48104
										4.20661	-1.38624	-10.27352
										3.94086	-1.77410	-9.83299
										4.24731	-1.30963	-9.47625
										4.42688	-1.48441	-10.24718
										4.40533	-1.58257	-10.07720
										4.39575	-1.43413	-9.55047
										4.22337	-1.43892	-9.51935
										4.26407	-1.53468	-9.50019
										4.19225	-1.70228	-9.55765
										4.12760	-1.63763	-9.51216
										4.24731	-1.51074	-9.60793
										4.29759	-1.59454	-9.54089
										4.55377	-1.47243	-9.89284
										4.52983	-1.67594	-9.86651
										4.32632	-1.50116	-9.50498
>	15:19:26	51.373072	17.622103	224.90	12	19	23	0.00	16.50	45.30	3.88100	-1.19950	-9.04529
										4.32153	-1.16358	-9.49780
										4.16831	-1.73340	-9.85453
										4.21858	-1.43413	-9.61511
										4.59208	-1.45328	-9.94791
										4.66630	-1.69749	-10.25197
										4.82910	-1.80044	-10.12987
										4.87699	-1.88903	-10.13705
										4.80277	-1.87705	-10.14423
										4.75010	-1.81959	-10.10593
										4.58490	-1.73819	-9.61990
										4.60644	-1.33118	-9.83059
										4.42688	-1.38624	-9.68215
										4.25928	-1.26414	-9.31105
										4.43406	-1.29526	-9.68933
										4.37660	-1.52032	-9.58399
										4.44843	-1.33357	-9.54329
										4.58968	-1.36230	-10.07720
										4.35745	-1.36948	-9.75637
										4.53462	-1.26893	-9.67018
										4.42927	-1.34315	-9.84256
										4.54180	-1.27372	-9.85453
										4.39575	-1.38385	-9.68455
										4.26647	-1.28569	-9.65103
										4.34548	-1.28808	-9.61751
										4.28323	-1.40779	-9.53611
>	15:19:28	51.372907	17.621598	223.80	12	19	23	0.00	16.60	45.30	4.74770	-1.69749	-10.29028
										4.60166	-1.60412	-9.90002
										4.73813	-1.44131	-10.22803
										4.67109	-1.63763	-10.26873
										4.46279	-1.50595	-9.59117
										4.55377	-1.46286	-9.88087
										4.56574	-1.65918	-9.95509
										4.50589	-1.57299	-9.55765
										4.39097	-1.48919	-9.73243
										4.46519	-1.45567	-9.73961
										4.53462	-1.49638	-9.68933
										4.32872	-1.42216	-9.64863
										4.25689	-1.40779	-9.56005
										4.45561	-1.49877	-9.77313
										4.51307	-1.61609	-9.67497
										4.51546	-1.53229	-9.76355
										8.94474	-3.26090	-20.22622
										4.55377	-1.69988	-9.91678
										4.47955	-1.73101	-9.60793
										4.48913	-1.63285	-9.65821
										4.68306	-1.63763	-9.88566
										4.52025	-1.73101	-9.88805
										4.20182	-1.52750	-9.40442
										4.29520	-1.36948	-9.46189
										4.31914	-1.65679	-9.71567
										4.26407	-1.69270	-9.48104
>	15:19:30	51.372746	17.621097	223.60	12	19	23	0.00	16.60	45.30	4.49870	-1.74298	-9.35893
										4.58968	-1.56820	-10.07720
										4.66391	-1.77171	-10.20888
										4.34308	-1.74777	-9.24401
										4.09408	-1.41737	-9.04769
										4.06775	-1.33357	-9.79707
										4.74052	-1.76932	-9.66539
										4.00071	-1.81241	-9.16500
										4.04141	-1.43892	-9.36851
										4.56814	-1.68312	-10.12268
										4.42927	-1.85790	-9.74440
										4.53941	-1.47483	-9.65821
										4.36702	-1.57060	-9.81144
										4.72855	-1.57299	-9.84975
										4.61363	-1.93212	-9.87129
										4.44843	-1.62087	-9.55047
										4.07972	-1.34075	-9.56005
										4.44124	-1.24259	-9.77313
										4.29041	-1.37188	-9.37330
										4.55138	-1.38145	-9.77792
										4.32153	-1.73101	-10.02452
										4.22816	-1.51314	-9.28711
										4.33590	-1.49159	-9.71567
										4.53941	-1.73101	-9.80904
										4.56095	-1.72622	-9.52653
										4.56574	-1.66636	-10.00776
>	15:19:32	51.372585	17.620597	222.70	12	19	22	0.00	16.60	45.30	4.52265	-1.52989	-9.76116
										4.64715	-1.50116	-10.00776
										4.59447	-1.63045	-9.72285
										4.25928	-1.45328	-9.40682
										4.34787	-1.35991	-9.78750
										4.26407	-1.56341	-9.49780
										4.34548	-1.30005	-9.58638
										4.43885	-1.53708	-9.63906
										4.38378	-1.61369	-9.57920
										4.54898	-1.66158	-9.90481
										4.43885	-1.85311	-9.68694
										4.26647	-1.38385	-9.31105
										4.59447	-1.47962	-10.05086
										4.49392	-1.86029	-9.66060
										4.39575	-1.48441	-9.44991
										4.58011	-1.60890	-10.12508
										4.46279	-1.68312	-9.62469
										4.49870	-1.40061	-9.66060
										4.28323	-1.61848	-9.59835
										4.42927	-1.49398	-9.70609
										4.47955	-1.68552	-9.62469
										4.18267	-1.59693	-9.23922
										4.53462	-1.43173	-10.07959
										4.63517	-2.08296	-9.87608
										4.15873	-1.76453	-9.27274
										4.67827	-1.56341	-10.01973
>	15:19:33	51.372504	17.620349	222.40	12	19	22	0.00	16.60	45.30	2.81079	-2.31280	-11.43950
										2.58574	-2.47082	-10.80743
										1.19950	-2.31759	-10.61828
										0.05028	-3.59130	-10.27352
										-0.61770	-4.71418	-9.92636
										-1.11091	-4.66151	-9.09318
										-2.33674	-4.83629	-8.40844
										-3.28484	-5.38695	-7.85298
										-3.62003	-5.47075	-7.70454
										-3.64876	-5.60243	-7.92002
										-3.46441	-5.69102	-7.72848
										-3.65116	-5.70299	-7.84340
										-3.48835	-5.54737	-8.28154
										-3.30160	-4.99909	-8.33661
										-3.66073	-5.05895	-8.40365
										-3.61524	-5.18824	-8.26239
										-3.44526	-4.85065	-8.20732
										-3.45244	-4.86262	-8.57364
										-3.18668	-4.78122	-8.78193
										-2.43011	-4.48195	-8.41323
										-2.43251	-4.47716	-8.81784
										-2.24816	-4.41251	-9.01178
										-1.45807	-4.27126	-8.04452
										-1.47483	-3.83551	-9.01417
										-0.39265	-3.27048	-9.46189
										1.81959	-2.54504	-9.12430
>	15:19:35	51.372342	17.619852	221.10	12	20	21	0.00	16.60	45.20	4.82192	-1.74058	-10.39084
										4.48195	-2.12605	-10.51533
										4.62320	-2.10211	-10.12268
										4.40294	-2.12845	-9.83299
										4.79080	-2.02549	-10.66617
										5.07810	-2.37026	-10.86968
										4.44843	-2.17872	-9.52413
										4.23534	-1.09894	-9.11473
										4.99191	-1.21147	-10.03649
										4.97994	-1.86508	-9.58399
										3.84509	-1.40540	-8.64307
										4.11324	-1.14922	-9.16022
										4.52744	-1.89381	-10.16099
										4.27604	-2.10450	-9.01896
										4.15873	-1.38624	-9.44273
										4.81953	-1.67834	-9.79468
										4.24731	-2.00395	-9.54089
										4.38857	-1.63763	-9.20092
										4.39336	-1.78847	-9.63187
										4.56574	-1.93930	-9.77074
										4.52025	-1.75734	-9.47146
										4.06775	-1.67355	-9.27274
										4.52025	-1.68312	-9.58638
										4.52744	-1.77889	-9.90242
										4.50589	-1.65679	-9.46428
										4.36702	-1.62327	-9.55526
>	15:19:37	51.372177	17.619360	220.90	12	20	21	0.00	16.60	45.20	4.73813	-2.70305	-9.98622
										4.40773	-2.60968	-9.73961
										4.42927	-2.17872	-9.48583
										4.03902	-1.82678	-9.59596
										4.34787	-1.58496	-9.68694
										3.95522	-1.53708	-9.25359
										3.77326	-1.30963	-9.20092
										3.82593	-1.46286	-9.77313
										4.03662	-1.74537	-9.50259
										3.78284	-1.75256	-9.33978
										4.01268	-1.71185	-9.77792
										4.13718	-2.01831	-9.57202
										4.06296	-2.04225	-9.50019
										4.25928	-2.12366	-9.84496
										4.39336	-2.21942	-10.29267
										4.20422	-2.03268	-9.93833
										4.18267	-1.78607	-9.91199
										4.33111	-1.91057	-10.06283
										4.30238	-2.02071	-10.00297
										3.75890	-1.93451	-9.56723
										3.91691	-1.81241	-9.66060
										3.95522	-1.86029	-9.40921
										3.74453	-1.93212	-9.92157
										4.50110	-2.20745	-10.19691
										3.51469	-2.14281	-9.55765
										3.85227	-1.79565	-9.78271
>	15:19:39	51.372015	17.618866	219.60	12	20	22	0.00	16.70	45.20	4.40054	-2.00395	-10.35971
										4.46997	-2.03268	-9.67976
										4.15873	-2.21464	-9.91199
										3.93846	-2.39420	-9.07163
										3.43807	-2.27449	-8.78193
										3.85466	-2.24576	-8.86573
										4.29759	-2.67193	-9.20810
										3.79960	-2.78446	-9.11233
										3.77566	-2.79403	-8.73644
										3.65355	-2.84910	-8.78911
										4.08930	-2.99275	-9.43794
										4.50110	-3.20823	-9.58399
										4.34308	-3.25611	-10.01495
										4.37181	-2.93290	-9.50737
										4.07254	-2.75812	-9.56484
										4.33351	-2.73657	-9.86172
										4.36224	-2.88741	-9.76355
										4.23534	-2.68869	-9.24401
										4.10606	-2.74854	-9.72285
										4.02944	-2.82995	-9.41879
										4.12521	-2.82516	-9.10036
										3.68228	-2.54982	-8.97826
										4.03902	-2.87304	-9.09078
										4.06057	-3.13162	-9.50259
										3.84509	-2.85628	-9.55287
										7.71412	-5.82749	-18.26297
>	15:19:40	51.371933	17.618623	219.20	12	20	22	0.00	16.70	45.20	4.29759	-2.57377	-10.13226
										4.07493	-2.39420	-9.09078
										4.22577	-2.32956	-10.07480
										4.43167	-2.86586	-9.78510
										3.91931	-2.61447	-9.02614
										3.98874	-2.24337	-9.44752
										3.92649	-2.48758	-9.13388
										4.27365	-2.48279	-9.60554
										4.27365	-2.55701	-9.74919
										3.79002	-2.58334	-9.01656
										3.65595	-2.51870	-9.22007
										4.69503	-2.83234	-9.89045
										4.05338	-2.73178	-9.45949
										4.02465	-2.29365	-9.67976
										4.15873	-2.54025	-10.48421
										4.46758	-2.39181	-9.92636
										4.37181	-1.99198	-9.55526
										4.30956	-2.50194	-9.73722
										4.24492	-2.87304	-9.94551
										4.37899	-2.79643	-9.84256
										3.74453	-2.44448	-9.33739
										4.17788	-2.26491	-9.68933
										3.81875	-2.69587	-9.28950
										4.59208	-2.75573	-9.62948
										4.52983	-3.02627	-9.90960
										4.73813	-3.19865	-9.63666
>	15:19:42	51.371752	17.618152	217.00	12	20	22	0.00	16.70	45.20	4.49392	-2.40857	-9.71328
										4.39815	-2.22182	-9.54568
										4.26168	-2.22421	-9.85453
										4.11803	-2.21942	-9.66779
										4.44603	-2.40857	-9.71328
										3.94564	-2.45885	-9.62708
										4.24013	-2.42772	-9.56244
										4.14676	-2.42054	-9.78750
										4.52265	-2.35829	-10.01495
										4.35505	-2.57377	-9.87608
										4.29041	-2.33914	-9.92636
										4.31675	-2.32716	-9.96946
										4.48195	-2.38702	-10.19930
										4.28562	-2.22661	-10.00058
										4.35266	-1.95846	-10.35013
										4.36942	-1.87466	-9.95509
										4.15633	-1.72861	-9.75398
										3.92410	-1.80283	-9.55287
										3.93846	-1.90818	-9.47864
										3.80918	-2.00874	-9.16022
										3.49075	-1.92254	-9.15782
										3.82115	-1.92733	-9.84256
										3.95043	-1.98958	-9.35654
										3.84269	-2.21703	-9.29908
										3.91691	-2.30083	-10.02931
										4.06057	-2.42054	-9.48343
>	15:19:44	51.371548	17.617728	217.00	13	21	23	0.00	16.70	45.10	4.36702	-2.21703	-10.74757
										4.41251	-2.28167	-10.54885
										4.67827	-2.20027	-10.12508
										4.55138	-2.14281	-10.36211
										4.12521	-2.20985	-9.70849
										3.99113	-2.09253	-9.51935
										3.65834	-2.29365	-9.37809
										3.90973	-1.95367	-9.08121
										3.55539	-1.97761	-9.14585
										4.06057	-2.06380	-9.89524
										4.02465	-2.36308	-9.47625
										3.49314	-2.02310	-9.04529
										4.13718	-1.95606	-10.20169
										4.28323	-2.26013	-9.86411
										3.66073	-2.10690	-9.69412
										4.29759	-2.17872	-10.19212
										3.97437	-2.35589	-10.21366
										3.92649	-2.02549	-9.95509
										4.00550	-2.21464	-10.34774
										3.89058	-2.27928	-9.83059
										3.95762	-2.31280	-9.74919
										3.84030	-2.60489	-9.92875
										4.38618	-2.79643	-10.03649
										3.86664	-2.92332	-9.35654
										4.05338	-2.72460	-9.39245
										4.53462	-3.11725	-10.10353
>	15:19:46	51.371332	17.617329	216.00	13	21	23	0.00	16.70	45.10	4.05578	-2.53546	-9.50498
										4.20422	-2.50673	-10.15141
										4.40294	-3.10528	-9.73004
										4.18746	-2.92332	-9.71567
										4.20901	-2.89698	-9.50498
										4.36702	-2.97599	-9.59117
										3.91452	-2.92093	-9.23922
										4.31914	-3.02148	-9.58160
										4.02465	-3.39019	-9.22725
										3.57215	-3.43329	-8.71968
										4.16352	-3.62243	-9.56962
										4.64715	-4.41012	-9.57681
										4.61123	-4.49870	-10.01495
										5.54737	-4.63278	-10.25915
										5.12838	-5.04698	-10.52012
										4.56814	-4.21858	-9.77074
										4.31914	-3.49793	-9.70609
										3.33273	-2.90177	-9.32063
										2.76291	-2.31759	-8.16662
										3.22738	-1.47962	-9.26556
										4.86741	-1.79805	-9.39245
										3.87861	-2.52109	-9.20571
										4.02944	-2.89220	-8.97347
										3.31118	-3.44047	-9.77313
										3.79960	-3.84269	-10.09395
										4.08211	-3.93846	-10.35492
>	15:19:48	51.371101	17.616969	214.40	13	22	23	0.00	16.80	45.10	5.31273	-3.98635	-10.80264
										4.19464	-3.79242	-9.32542
										3.30879	-2.98796	-8.80587
										3.13401	-2.63841	-8.52575
										3.35907	-2.43969	-7.90087
										3.84748	-2.41575	-8.75560
										4.22816	-2.76530	-9.33978
										3.88818	-3.23217	-9.03572
										3.34949	-3.16513	-9.27035
										3.96719	-3.12683	-9.76595
										4.02465	-3.17950	-9.57441
										4.30238	-3.03585	-9.88566
										4.24731	-3.31836	-10.20888
										4.35745	-3.52426	-10.17296
										4.54180	-3.45962	-10.63983
										4.52265	-3.37104	-10.07720
										4.61363	-2.98078	-9.90960
										4.51546	-2.88022	-9.78271
										4.63996	-2.93050	-9.69652
										4.39097	-3.04542	-9.56962
										3.84269	-3.03106	-9.13148
										3.77087	-2.99275	-8.89925
										3.81396	-3.02388	-8.66701
										3.92410	-3.09570	-8.70771
										4.29280	-3.16992	-8.68856
										4.16352	-3.46441	-8.70771
>	15:19:49	51.370976	17.616814	214.10	13	22	23	0.00	16.80	45.10	4.55856	-3.16035	-9.58160
										4.26168	-3.26090	-9.33739
										4.48673	-3.26569	-9.22007
										4.39575	-3.52187	-9.51456
										4.46040	-3.38540	-9.27274
										4.64715	-3.42371	-9.58638
										4.34548	-3.58891	-8.85615
										4.31196	-3.49553	-9.04529
										4.52504	-3.87142	-9.38527
										4.30956	-3.76129	-8.43717
										4.16591	-3.48596	-8.66462
										4.66869	-3.76608	-9.45470
										4.45800	-3.74214	-9.03811
										4.60405	-3.82115	-8.91601
										4.13479	-3.65355	-9.13867
										4.47716	-3.60088	-9.29429
										4.57771	-3.68707	-9.31823
										4.68545	-3.51229	-9.37569
										4.48434	-3.38301	-9.61272
										4.57053	-3.49793	-9.37091
										4.67588	-3.29682	-9.72525
										4.85305	-3.19865	-9.81144
										4.51786	-2.97120	-9.69652
										-2.30083	5.51624	0.00000
										4.41730	-2.59531	-9.66060
										4.54659	-2.58813	-9.63906
>	15:19:51	51.370708	17.616539	211.10	14	22	24	0.00	16.80	45.10	4.45561	-2.40857	-9.38766
										4.48913	-2.31998	-9.25838
										3.97437	-2.07577	-9.00699
										4.31196	-1.84593	-9.41879
										4.26168	-1.99676	-9.41161
										4.30717	-1.96325	-9.33020
										4.24731	-1.80044	-9.12191
										-2.30083	5.51624	0.00000
										4.37660	-2.32477	-9.24880
										4.37899	-2.31280	-9.04769
										4.31196	-2.20745	-9.34696
										4.35266	-2.09493	-9.45470
										4.50110	-1.91297	-9.22965
										3.91213	-1.60890	-9.17698
										3.95762	-1.43652	-9.28711
										3.81636	-1.32639	-9.59117
										3.84988	-1.02711	-9.30387
										3.73974	-0.45969	-9.38048
										3.78044	-0.15802	-9.91439
										3.81636	-0.02394	-10.08198
										3.72298	0.01915	-9.95509
										3.57454	-0.35434	-10.05325
										4.20661	-0.85952	-10.65899
										4.17309	-1.22344	-9.93115
										4.10127	-1.08936	-10.21606
										4.24253	-1.33118	-10.41238
>	15:19:53	51.370429	17.616361	211.00	14	22	24	0.00	16.80	45.10	3.89776	-1.07260	-9.69652
										4.19943	-0.96486	-9.69652
										4.07254	-0.72544	-9.51695
										4.40773	-0.44293	-9.59596
										4.50589	-0.89783	-10.28070
										4.86502	-1.15879	-10.09874
										4.70939	-1.45089	-10.01973
										4.73813	-1.38145	-10.37647
										4.91051	-1.50835	-10.27831
										4.58729	-1.12288	-10.36211
										4.69024	-0.76375	-10.01973
										4.49870	-0.79966	-9.97185
										4.16591	-0.69911	-10.05565
										4.17309	-0.73981	-10.36211
										3.80439	-0.73502	-9.45710
										3.29682	-0.37589	-9.57681
										3.85466	-0.39983	-10.32619
										3.39498	-1.01514	-9.85693
										3.20584	-0.59855	-9.54808
										3.76608	-0.54827	-10.50815
										4.12521	-1.00556	-10.52730
										4.35266	-0.68953	-9.70131
										5.18824	0.02634	-10.22324
										4.81713	-0.42377	-10.08198
										5.58567	-0.05986	-9.42597
										5.66947	0.31843	-9.05248
>	15:19:55	51.370145	17.616230	211.00	15	24	26	0.00	16.90	45.10	4.25689	-0.21069	-9.84975
										4.66869	-0.00958	-9.22486
										5.33668	0.18675	-8.66222
										5.48990	0.20830	-8.90643
										5.36301	0.07183	-9.10275
										5.52103	-0.02873	-9.36372
										5.20499	-0.22027	-9.35893
										5.62877	-0.03112	-8.96389
										5.81312	-0.06225	-9.30626
										-2.30083	5.51624	0.00000
										5.12120	-0.42138	-9.78750
										4.80277	-0.63686	-9.59835
										4.83389	-0.51954	-9.50498
										4.71179	-0.48602	-9.39964
										4.68785	-0.35674	-9.80186
										4.76925	-0.49321	-10.17536
										4.73813	-0.50757	-9.80186
										4.45800	0.01197	-10.05086
										4.82432	-0.01437	-10.04128
										4.54419	-0.22505	-10.19451
										4.54898	0.05267	-9.88566
										4.51786	0.12689	-10.27352
										4.48195	0.32322	-10.21127
										4.10127	0.59137	-9.40682
										3.79720	0.82121	-9.66300
										3.73256	0.46448	-9.44991
>	15:19:56	51.370003	17.616135	210.20	15	24	26	0.00	16.90	45.10	4.72855	-0.20590	-10.62786
										4.37660	-0.00479	-10.07959
										4.78122	0.37589	-10.69969
										4.60405	0.11492	-10.37886
										4.48673	0.38547	-10.02931
										4.06296	0.25618	-9.70370
										4.04141	0.32561	-9.70370
										4.34548	0.28730	-10.18493
										4.38139	0.18196	-9.89045
										4.00071	0.22745	-9.52892
										4.47237	0.07422	-10.39562
										4.89135	-0.05746	-10.75475
										4.62560	0.20590	-9.88805
										4.18506	0.31125	-10.17057
										4.52504	-0.05746	-10.45787
										4.77643	0.18675	-10.73321
										4.38618	0.48123	-10.36211
										4.66630	0.52672	-11.10670
										4.15873	0.03112	-10.39323
										4.90811	0.45011	-10.57040
										4.56814	0.27054	-10.76194
										4.82432	0.23224	-10.43872
										4.40294	-0.02155	-10.50576
										4.51546	0.25139	-10.19212
										4.13239	0.18914	-9.55765
										4.38857	0.25618	-10.21127
>	15:19:58	51.369740	17.615875	208.90	16	26	28	0.00	16.90	45.00	4.81474	-0.69192	-9.68694
										4.90572	-0.98641	-9.81862
										4.90572	-1.18752	-9.83059
										5.01346	-1.23541	-9.71088
										4.87220	-1.58736	-9.47386
										4.35505	-1.48201	-9.41161
										4.73334	-1.28808	-9.52174
										4.71418	-1.37667	-9.58638
										4.68306	-1.39821	-8.97107
										4.62081	-1.15879	-9.50737
										4.81235	-1.36948	-9.84975
										4.65193	-1.41018	-9.17219
										4.41970	-1.02472	-9.14346
										4.77643	-1.27132	-9.26556
										4.35745	-1.42694	-8.99502
										4.59687	-1.07260	-9.40682
										4.64715	-1.46525	-9.76355
										4.37899	-1.32399	-9.33260
										4.52983	-1.24977	-9.28471
										4.56814	-1.53708	-10.01495
										4.90093	-1.71904	-9.70849
										4.93445	-1.63285	-9.71806
										5.19542	-1.54665	-9.82820
										5.15472	-2.07817	-10.00537
										5.12120	-2.48279	-9.64384
										4.88178	-2.38941	-9.42597
