>	11:20:00	51.134757	17.050086	111.40	19	27	31	0.01	6.40	38.80	3.73495	-0.19154	10.12747
											1.28808	-0.37828	12.21043
											-0.91937	-1.12049	10.02692
											-0.76136	-0.61292	5.31513
											3.02148	-0.75657	12.04283
											1.74777	-0.47405	15.39472
											-1.48919	-0.30646	7.72848
											1.36948	-1.84354	10.04128
											-2.94966	-2.22661	7.09641
											2.04944	-0.44053	17.19516
											-2.13084	-0.31603	5.73651
											-1.64242	0.11013	7.30232
											4.59687	-0.39744	17.09939
											-3.15556	-0.21548	2.44687
											5.50188	-0.16759	17.78413
											-2.92093	-0.17238	8.20253
											3.06458	-0.37350	7.85777
											1.95367	-0.12929	15.51443
											1.92494	0.49321	10.79785
											-1.82917	0.48363	8.75799
											0.45490	0.69432	7.20176
											0.13408	0.82361	18.89025
											-4.31914	0.23942	0.32561
											2.74376	-0.75178	15.24149
											-0.75657	0.00958	11.20486
											0.77572	-0.75178	5.04219
>	11:20:01	51.134766	17.050045	111.60	19	28	32	0.01	6.40	38.80	1.35991	-0.62249	13.52245
											0.11971	-0.02873	6.48829
											-0.59376	-0.92895	11.59751
											1.56102	-0.49799	10.68293
											-0.84276	0.18675	10.00776
											2.28886	0.25379	12.56477
											-1.19710	-0.24421	10.75475
											1.64242	0.69911	10.73560
											-0.09577	1.08218	13.91031
											-2.57616	0.87149	3.26569
											2.03028	0.63686	11.41077
											0.67995	0.76614	14.29338
											0.81882	0.83318	6.87615
											2.22661	1.84354	14.88236
											-2.33674	0.58419	7.39329
											1.81480	0.22027	8.54730
											-0.25857	1.29766	13.59428
											0.84276	1.01035	9.74440
											-1.26414	0.53630	4.98952
											1.98719	-0.78530	13.24472
											2.65278	-0.02394	13.87200
											-5.66468	-0.92416	2.88262
											3.80678	-0.94810	13.28303
											-1.83875	-0.42617	12.58392
											0.79009	-1.41258	7.33105
											-5.82749	-9.12191	-5.82749
>	11:20:02	51.134774	17.050003	111.60	18	28	32	0.01	6.40	38.80	-1.04387	0.46926	3.17950
											1.92494	0.72784	13.03882
											2.09253	1.42216	13.50330
											-0.92416	-0.34955	9.06445
											-0.54588	-0.34955	3.07894
											4.00311	0.84276	20.21185
											-2.51391	-0.08619	4.36224
											-0.90022	-0.52672	12.33972
											-0.81882	0.18196	8.46590
											0.43574	-0.68474	10.50576
											0.79487	-1.40300	12.72279
											0.83318	-1.98719	12.60308
											-2.25534	-1.77171	5.62159
											1.62806	-1.48919	10.09395
											3.47159	-0.66559	17.53513
											-0.78051	-1.21147	7.93438
											-0.11492	-1.77171	11.29106
											0.30167	-0.51715	9.64384
											2.42772	-0.41659	13.11065
											-2.45166	-0.12929	7.54652
											-1.06303	0.04310	7.37414
											1.59454	0.86670	12.08114
											0.25379	0.63686	9.16022
											1.70467	1.02472	16.55830
											-2.14999	1.24977	7.00065
											1.73819	0.47884	11.39161
>	11:20:03	51.134776	17.049932	112.30	18	28	32	0.01	6.40	38.90	1.93930	0.08140	13.01488
											-1.47483	0.75657	8.36534
											1.12527	0.03352	12.13381
											-0.29209	-0.01437	9.11712
											-1.19231	-0.99120	8.69095
											-0.68953	-0.84755	11.73159
											0.52194	-0.98162	10.26634
											1.49877	-2.26491	14.22156
											-2.08296	-2.03507	6.28239
											3.85945	-1.07739	10.27591
											-0.20111	0.88585	13.50330
											1.24977	0.86670	10.62547
											-2.75812	0.12929	1.73340
											2.21703	-0.58897	12.23916
											1.84354	0.26336	16.51520
											-2.57137	0.15802	6.81390
											4.26168	-1.27850	14.19283
											-3.16035	-0.42617	7.96790
											3.39498	0.62249	10.33337
											-0.68474	-0.89064	11.36288
											0.64643	0.14365	12.20085
											-1.01993	0.11971	13.00530
											0.07183	0.51715	4.40054
											1.43173	-0.79487	11.26711
											-0.72305	-0.64165	9.89284
											-1.24498	0.04310	8.89685
>	11:20:04	51.134781	17.049865	112.70	18	28	32	0.01	6.40	39.00	0.51715	-1.28329	6.23450
											0.08140	-1.24977	13.27345
											-0.41659	-1.07260	5.44441
											0.85234	-1.26414	14.82011
											0.06704	-0.55067	8.09719
											0.80924	-0.11971	9.87369
											0.55545	-0.99599	9.75398
											0.23463	-1.95846	10.46745
											2.05901	-1.22583	10.58716
											0.28252	-1.63285	10.89362
											-2.79164	-1.37906	7.65666
											2.00634	-0.59855	12.36845
											-0.26815	0.28252	11.48259
											-1.49398	0.66080	8.64786
											-0.13408	0.62249	12.98615
											-0.15802	-0.33519	8.64786
											1.62327	-0.93853	13.47936
											0.62728	-0.06704	8.41801
											1.24498	0.26336	9.57681
											1.31202	-0.19154	10.03649
											1.11091	0.10534	12.16733
											1.24498	0.22027	7.72848
											1.38385	0.25857	14.52323
											-2.97839	0.98641	7.38372
											-0.38307	-0.15323	7.11078
											1.25456	0.37350	16.83124
>	11:20:05	51.134790	17.049808	113.40	18	27	32	0.01	6.40	39.00	-2.86825	-1.03430	6.51702
											0.49799	-0.19154	11.89918
											-0.64643	0.65601	12.21522
											3.00233	1.28808	10.44351
											-0.48363	0.86670	11.94707
											0.91459	0.79009	9.94073
											-1.75734	0.33040	9.04529
											2.81558	0.81882	14.11142
											-0.53151	0.86670	7.39329
											0.51715	-0.38307	11.33415
											1.82917	0.34477	10.43872
											-0.96726	0.55067	9.72525
											1.96803	0.12929	8.19775
											-1.80044	-0.12450	11.97580
											0.96247	-0.18196	9.76834
											-1.33596	-0.17238	8.09240
											-0.63207	-0.91937	12.05720
											2.28407	-0.63686	9.65821
											0.90501	-1.24977	13.03882
											-0.45490	-0.91459	7.86256
											2.67672	0.01915	14.19283
											0.87628	-0.20111	13.29740
											-2.11169	0.52672	3.43329
											1.64721	0.02873	9.13627
											2.47082	0.11971	16.41944
											-1.29766	0.82839	5.85143
>	11:20:06	51.134798	17.049762	113.50	18	27	32	0.01	6.40	39.00	1.53708	0.81403	9.75877
											1.58017	0.39265	14.44661
											0.75178	0.06225	8.58561
											-3.80678	-0.08140	2.56180
											4.05578	-0.38307	16.85518
											0.77093	0.28730	13.58949
											-0.72784	0.41659	10.38605
											-0.67516	1.16837	3.34231
											2.15478	-0.15802	17.66442
											-0.35913	-0.27773	10.51055
											-0.81403	-0.32082	8.71489
											-1.33596	0.23942	7.79552
											0.93853	-0.09577	11.26232
											1.60890	0.08619	7.23528
											1.47962	-0.33998	10.80264
											1.47004	-0.17717	13.87679
											-1.68073	-0.06225	7.54652
											4.53462	-0.80445	17.26219
											-2.73418	-1.36469	7.15387
											-3.88818	-1.06781	-4.40054
											5.22894	0.31603	20.08256
											0.01915	0.35434	11.40119
											0.75657	0.10056	10.50576
											-1.68073	-0.78530	7.18739
											1.16837	-0.84276	12.51210
											-1.01514	-0.79966	8.21690
>	11:20:07	51.134806	17.049706	113.60	18	27	32	0.01	6.40	39.00	-3.55300	1.05824	-1.54665
											2.74854	0.18675	11.14261
											1.44131	-0.46926	16.10819
											-0.00479	-0.21548	7.12036
											-1.31202	0.03352	8.68616
											1.76213	0.53151	9.48104
											3.51469	-0.35434	17.22868
											-0.29209	-1.28329	11.53048
											1.29766	-0.03831	5.92804
											-1.42216	0.72784	8.38928
											5.18105	-0.01437	17.08981
											-0.64165	0.20111	7.17782
											-3.08373	-0.64643	4.40533
											-0.92416	-1.38385	10.28549
											3.06458	-0.97683	15.91665
											-0.47405	-0.20111	6.99586
											-2.31280	-0.43574	9.08360
											0.82361	0.31125	10.80264
											1.89621	0.36392	9.44752
											0.77572	0.43096	12.65575
											-0.43096	0.28252	11.52569
											0.64165	-0.29688	11.74117
											0.56982	-0.17717	9.27035
											-0.38786	-0.01437	8.59518
											2.49476	-0.21069	13.41232
											-5.82749	-9.12191	-5.82749
>	11:20:08	51.134816	17.049667	114.50	18	27	29	0.01	6.30	39.10	5.32949	0.49799	19.20629
											1.98719	-0.48363	11.86088
											-3.55778	-1.23062	4.70700
											1.08697	-1.20189	11.90397
											-0.57461	-0.59376	7.34062
											1.25456	-1.00078	12.67012
											-0.36392	-0.10534	8.78193
											-0.45969	0.95768	10.71166
											2.47560	1.13485	12.11945
											-0.24900	-0.19154	12.89517
											-1.72861	1.55623	3.55300
											2.29365	0.56982	15.06432
											-0.11971	0.13886	8.85855
											1.58975	-0.15802	11.78426
											0.99120	-0.13886	8.59997
											1.26893	-0.31125	12.50252
											-1.59454	0.27294	9.87848
											2.29843	-0.42138	9.83059
											-2.26970	-0.32082	10.02213
											1.86748	-2.15957	8.82503
											-0.18675	0.37828	13.62780
											-1.18752	-0.11013	12.44985
											-0.56503	-0.68953	3.40934
											4.03662	-0.79487	14.93503
											-0.18675	-0.56982	10.89841
											0.58897	-0.14844	10.49618
>	11:20:09	51.134826	17.049620	114.20	18	27	29	0.01	6.30	39.10	0.71826	-0.36871	10.00297
											-1.70467	-0.62728	9.28471
											0.05746	0.00000	11.41555
											-0.14365	0.59855	6.05254
											-0.19632	0.17717	10.40999
											2.08774	1.02951	14.59027
											1.21147	0.83797	11.76032
											0.06225	-0.08619	10.73560
											0.73263	-1.21147	3.27048
											2.38462	-0.50278	15.83046
											-0.06225	0.11492	11.42992
											-1.47483	-0.13886	6.45477
											-0.16759	-0.57461	17.65005
											-2.64320	-0.69911	4.36702
											3.29442	-0.54588	17.07545
											-3.01191	-0.29209	4.56335
											2.98318	-1.22104	12.17212
											0.57940	-0.17717	7.41724
											1.08697	0.75178	14.87757
											0.11013	0.57461	11.70286
											0.32561	-0.15802	3.90734
											-1.05824	-0.92416	9.43794
											2.41336	-1.14922	16.92222
											-1.84832	-0.73263	5.55934
											2.03986	-2.31759	10.01255
											0.90501	-1.13964	14.29817
>	11:20:10	51.134838	17.049576	114.20	18	27	29	0.01	6.30	39.20	1.52750	-0.48363	13.51766
											1.00556	-0.38307	9.81623
											0.06704	-0.62728	8.20253
											-0.22505	-0.05746	11.35809
											0.68953	0.62249	8.49942
											0.90501	0.94332	13.68526
											-3.35188	-0.06704	5.93762
											2.36547	-0.39265	16.56309
											-2.85868	-0.17717	1.17795
											2.00155	-0.21069	14.02044
											0.85234	0.54109	15.10262
											-4.22337	0.40701	3.30879
											2.31759	-0.34955	10.66377
											3.70622	-0.11492	12.27268
											-1.01514	-1.47004	12.37802
											0.81882	0.30646	7.13951
											0.54109	-0.10534	10.64941
											2.10690	-1.14443	13.28782
											-0.86191	-0.41659	6.90009
											-0.27294	-1.60412	11.61188
											-0.79009	-1.28808	9.75877
											4.22337	1.22583	14.04918
											-0.70390	0.02394	6.89530
											0.06225	0.93374	13.34528
											-0.57940	0.22027	6.56490
											0.19154	-0.54109	11.21444
>	11:20:11	51.134850	17.049506	113.00	18	25	29	0.01	6.30	39.20	1.46046	-0.96247	13.98214
											-2.68151	-0.90022	1.78607
											2.30801	-0.46926	18.13368
											-2.00634	-0.79966	9.63427
											-0.50278	-0.73741	7.15387
											1.61848	-0.25857	11.12346
											1.69988	0.37350	10.50097
											0.71826	0.49799	8.84418
											1.26414	-0.59376	11.13783
											-0.84755	-1.19231	6.13394
											2.93529	-1.22104	12.46900
											-1.48919	-1.04866	9.81623
											0.32561	-0.68474	10.91277
											0.16281	0.38786	8.49942
											1.49398	0.77093	12.99573
											-1.91057	1.10612	9.24162
											1.61369	0.00479	12.20564
											-0.88585	-0.87149	6.94797
											-0.56982	-0.33040	10.73560
											1.65200	0.21069	11.13783
											0.95289	0.66559	16.12734
											0.33040	0.31603	8.37013
											4.03662	-0.41180	12.06199
											-5.09007	-0.45490	6.54096
											2.40857	-0.60813	12.57435
											0.99599	0.44532	14.03481
>	11:20:12	51.134859	17.049437	112.20	18	25	29	0.01	6.30	39.20	3.56257	1.07739	9.95988
											1.45089	0.16281	11.77947
											0.49799	-0.44532	8.13071
											0.26815	-1.63763	11.92791
											0.31603	-2.29365	10.41478
											-0.00479	-2.09253	6.19619
											1.18752	-0.94810	17.16164
											-0.34477	0.31603	8.24563
											-0.41180	-0.42617	9.37569
											1.48441	1.16837	13.77624
											0.20111	1.07260	13.18247
											-0.06704	0.57940	9.08360
											-0.22984	0.02873	5.20499
											2.13084	-0.00479	12.67012
											2.00634	0.58419	11.22881
											-0.74699	0.81403	10.49618
											2.44687	0.76136	16.13692
											-0.60334	0.66559	4.76446
											-1.12527	-0.48842	6.07648
											-0.74220	0.31125	15.91186
											1.89621	0.17238	9.33739
											0.82361	-0.93853	7.44597
											0.16281	-0.59855	11.47301
											-5.82749	-9.12191	-5.82749
											0.39744	-0.75657	12.24395
											0.67516	-0.21548	7.02938
>	11:20:13	51.134867	17.049382	112.10	18	25	29	0.01	6.30	39.30	1.12049	-1.54665	6.21535
											1.51792	-0.03831	18.50718
											-2.51870	0.62249	4.07014
											1.66636	1.28329	12.62702
											1.82917	0.43574	14.72434
											-2.72939	0.25379	4.47237
											3.03585	-0.17717	13.84327
											0.03831	-0.63686	9.17458
											1.75256	-0.78530	9.69652
											1.04387	0.48363	11.71722
											0.14365	0.15323	9.46667
											1.51792	-0.01437	15.45218
											-1.81959	0.56024	5.80833
											-0.72305	-0.71347	8.70053
											2.15478	0.04310	16.65407
											-3.54342	-1.58017	7.23049
											1.00556	-0.94332	5.24809
											2.06859	0.41180	12.86165
											-1.35512	-0.91459	8.97826
											2.83473	-0.81882	13.66131
											-0.70868	-0.03831	8.16423
											0.83318	-0.08619	10.52012
											1.31681	0.22027	12.50252
											-2.42293	-0.06704	8.75320
											0.68474	-1.11570	11.74595
											1.56102	0.30646	10.67814
>	11:20:14	51.134873	17.049323	112.10	18	28	30	0.01	6.30	39.30	0.18675	0.01915	8.65265
											3.07416	0.12929	17.64048
											-3.01191	0.40701	5.04698
											1.85311	0.26815	9.72525
											0.48842	1.30723	14.37958
											-4.79798	0.31125	-1.03430
											3.57215	-1.09654	15.56710
											-1.25935	-1.16358	5.04219
											1.31681	-1.58975	13.08192
											-0.17717	-0.22984	7.73327
											0.16281	-0.14844	9.27993
											2.26970	-0.98641	10.59195
											1.85790	-0.33519	11.33894
											0.40701	0.15802	10.57758
											0.25857	-0.19632	14.22635
											-2.24576	0.69432	-0.85234
											1.44610	-2.32238	16.57266
											0.02873	-1.00078	11.57357
											-1.28808	-0.11492	10.68293
											-1.05345	-0.52672	4.15633
											3.75890	-0.74699	15.33247
											-0.49799	0.79009	9.10754
											-0.80924	1.34075	13.56076
											-0.12450	0.79487	8.93995
											0.38786	-1.30245	9.13148
											0.38307	0.13408	11.28627
>	11:20:15	51.134882	17.049284	112.10	18	28	30	0.01	6.30	39.40	-0.44053	-0.71347	12.45464
											1.47004	-0.94332	10.90319
											0.71826	-0.33519	14.71955
											-2.64320	-0.85234	7.01980
											1.82917	-0.47405	12.57435
											0.09577	-0.82361	8.48984
											1.95367	-1.51792	12.90954
											0.84276	-1.13964	8.54730
											0.27773	-1.23541	13.49372
											-1.55623	-0.68474	3.73017
											1.96803	-2.42293	12.57435
											-1.44131	-0.26336	10.78827
											0.35913	-0.47884	9.92636
											0.25857	0.13886	11.81778
											-0.33998	-0.09098	9.34218
											0.31125	0.19154	11.31979
											1.81480	0.56982	10.79306
											0.50278	0.35913	12.70363
											-0.81882	1.15879	4.39575
											2.07817	0.20590	10.68772
											1.66636	-1.72383	14.60942
											-0.63207	-0.34477	8.04452
											0.41659	0.13886	11.82257
											-0.05267	-0.32561	9.74919
											-0.70868	-0.66559	12.37323
											-0.13408	-1.53229	4.79798
>	11:20:16	51.134888	17.049229	112.60	18	28	30	0.01	6.30	39.40	1.31681	-0.55067	11.13783
											1.30245	0.23942	8.24563
											0.26336	-0.10534	12.10030
											0.67038	0.23463	7.75721
											-1.15879	-0.22984	9.98382
											1.59933	-0.28252	13.91510
											-0.02394	-0.12929	7.35499
											0.86670	-0.41659	9.15064
											-1.67115	0.44053	6.37336
											2.95923	0.45011	13.05319
											0.84755	0.61292	8.67659
											-0.84755	0.57940	11.51611
											0.10534	0.56503	9.85453
											1.30723	0.07661	10.91277
											1.46525	0.32561	11.42034
											0.80445	0.70868	10.46745
											0.85712	0.33040	8.62391
											0.15323	0.15802	10.97502
											-0.14365	0.11013	10.03649
											-0.25379	-0.10534	11.14261
											0.21069	-0.79487	12.46900
											-0.93374	-0.79487	8.66701
											-0.70868	-0.62728	9.00220
											1.62327	-0.56503	12.37323
											-0.76614	-0.33998	5.45878
											2.82037	-1.05824	13.85285
>	11:20:17	51.134899	17.049175	113.10	17	28	30	0.01	6.30	39.40	0.80445	0.37828	11.21923
											-1.84832	0.19154	4.64954
											2.65278	0.57940	18.57900
											-0.18196	-0.14365	9.45710
											0.27773	-0.19632	8.62870
											1.17795	-0.38307	10.21366
											0.01437	0.04310	12.58871
											0.83318	-0.19154	8.51378
											0.71826	-0.00479	11.25754
											0.67516	1.10133	9.40442
											-1.28808	1.31202	6.71813
											0.40701	0.00958	13.00051
											0.52672	-0.29688	7.43639
											0.53630	-0.04310	11.61667
											-0.67038	-0.57461	10.14663
											0.20590	-1.86269	10.11311
											2.82037	-1.24977	13.64695
											0.19154	-0.88107	8.46111
											0.85712	-0.68474	6.66546
											0.16759	-1.20668	13.28782
											0.30646	-0.49799	10.95587
											1.46046	-0.90501	11.99016
											0.12450	-1.16837	9.98861
											-3.61524	-0.79487	0.13886
											2.83952	-1.28808	16.07946
											0.01915	0.70868	10.42914
>	11:20:18	51.134909	17.049130	113.00	17	28	30	0.01	6.30	39.40	3.16992	-0.22505	14.99249
											0.99120	0.24421	10.53449
											0.26815	0.63686	6.17225
											1.70946	-0.34955	14.43225
											-2.53785	0.31603	10.77391
											1.42216	1.02951	12.08593
											-0.04788	0.95289	9.16979
											-0.40223	-0.73741	9.78271
											-0.23463	-0.39265	12.85207
											-0.90980	-0.34477	10.30464
											0.89064	-0.54109	10.48182
											2.14999	-1.06781	12.42591
											0.90501	-0.97205	9.64863
											-0.62249	-0.25379	10.04128
											0.77093	-0.01915	7.23528
											0.67516	-1.27372	12.02847
											1.21625	-0.70868	9.18416
											0.86191	-1.43652	13.21599
											-0.77093	-1.12049	9.48104
											-0.86191	-0.12450	8.32703
											1.41737	0.45011	14.21677
											-0.34955	0.00000	10.63983
											0.26336	-0.65122	12.33493
											-0.65601	-0.07183	3.71580
											3.12683	-0.12929	15.36599
											1.19710	-0.18675	9.61990
>	11:20:19	51.134917	17.049065	113.60	17	28	30	0.01	6.30	39.40	1.01035	-0.33998	9.78750
											0.20111	-0.61770	10.44351
											-0.53630	-0.16759	11.52569
											-0.36392	-0.90022	9.03572
											1.62327	-1.31681	10.61110
											2.84910	-0.96247	12.17212
											-1.24498	-0.52672	8.96389
											0.77572	0.41180	9.72046
											-0.03831	0.29209	12.92869
											1.25456	-0.06704	9.80186
											0.61770	-1.00556	10.50576
											-1.18274	-0.80445	10.62547
											-0.88107	-0.48363	10.45787
											1.20668	-0.36871	8.96389
											0.15323	0.03831	10.39562
											-0.54588	0.88107	11.35809
											0.39265	2.07338	10.51533
											-0.75178	2.02549	9.82580
											1.70946	1.86269	7.56568
											2.10211	0.91459	13.97735
											-1.60890	0.88107	5.37259
											0.75178	-0.08140	6.96234
											2.79164	-0.46926	13.67089
											-1.24020	-0.19154	9.27514
											0.44532	-0.90980	11.47780
											0.74220	-0.88585	9.10754
>	11:20:20	51.134926	17.049016	113.90	18	27	30	0.01	6.30	39.50	-0.66559	0.50757	4.80277
											2.80122	-1.27850	17.74582
											-0.71347	-0.87628	6.25365
											0.03831	-1.21147	7.01022
											0.13408	-1.01035	13.49851
											-1.22104	-0.38786	7.83862
											-0.23942	-0.02873	11.51132
											1.04866	0.45011	12.33972
											-1.79565	0.50757	7.13472
											-0.17717	-0.40701	10.24239
											1.86748	0.42138	12.66054
											2.26970	0.24900	10.98460
											2.08774	0.07661	11.70765
											-0.83318	0.27773	8.97347
											0.25857	0.56982	11.59751
											-1.90578	0.25857	11.77947
											-0.21548	0.20111	5.35822
											0.60334	-0.87628	15.15530
											0.81882	-0.97683	8.94474
											-0.60334	-1.42216	7.07726
											3.04542	-2.26970	14.99249
											-0.76614	-2.00155	9.53850
											2.59531	-0.39744	9.10275
											-0.49799	0.49321	12.34450
											1.33118	0.90022	10.75475
											0.33519	-0.36392	12.92869
>	11:20:21	51.134935	17.048962	114.00	18	27	30	0.01	6.30	39.40	-1.58017	0.50278	8.37971
											3.02148	0.67038	11.52090
											0.30167	0.14844	12.10987
											-0.78051	0.37828	5.64074
											5.42047	-0.95768	15.44260
											1.05824	-0.86670	11.70286
											-2.18830	0.67516	5.39174
											3.25133	-0.16281	14.41309
											-1.28808	0.62249	7.79073
											-0.50757	-0.05267	9.52413
											0.32082	-0.91937	14.40831
											-1.23541	0.10534	7.95354
											1.74298	-0.46926	14.60463
											-2.80600	-0.34477	7.50822
											3.07894	-0.29209	11.50653
											1.58017	-0.03831	8.71489
											-0.46926	-0.16281	11.16177
											2.73418	-0.81882	12.46900
											-2.17394	-0.01915	4.61602
											0.07661	-0.97683	14.44661
											-1.56102	-1.50356	10.81221
											0.90980	-0.70390	9.50498
											1.32160	-0.65122	10.66377
											-1.84832	0.76136	8.50899
											0.11492	0.67038	10.47224
											0.45490	0.70390	12.76588
>	11:20:22	51.134944	17.048906	114.20	18	27	30	0.01	6.30	39.50	0.43574	-0.04310	12.95742
											3.84030	0.53630	13.70920
											-3.52426	0.04310	9.10275
											-1.39343	-1.07739	2.05422
											3.58173	-1.01993	17.02756
											-2.01113	-0.03831	7.72369
											0.69432	-0.21548	9.23683
											3.43807	-0.57940	14.64773
											0.13886	-0.33519	8.64786
											0.08619	-0.57461	12.85207
											-1.69988	-0.42617	6.66546
											0.80445	-1.32639	10.36689
											1.02472	-1.66636	9.17937
											-0.34477	-1.16837	12.37323
											-3.13162	-0.52672	6.02381
											-0.25379	0.36392	12.51689
											1.49877	-0.42617	13.61343
											-1.14922	0.60813	11.41555
											0.87628	0.57461	4.02705
											3.28484	-0.00479	12.64617
											1.92494	-0.39265	11.20965
											-1.23062	-0.52194	8.07325
											2.88262	-1.15879	14.24071
											0.76136	-1.06303	10.18972
											-2.37984	0.47884	4.56814
											-0.15323	0.46448	15.67244
>	11:20:23	51.134956	17.048856	114.40	18	27	29	0.01	6.30	39.50	0.19632	-1.27850	9.17937
											2.80122	-1.26893	13.84806
											-2.65278	-1.28329	9.86890
											-0.22505	-0.43096	4.94163
											2.15957	-1.11570	14.20240
											-4.24253	1.41258	1.86748
											3.11246	0.33998	16.59661
											0.92895	0.00958	9.17458
											0.78051	0.31125	8.26957
											0.69911	0.38786	13.62301
											-1.11570	-0.41180	8.54730
											3.77805	-0.51715	10.53928
											0.79009	-0.72305	11.73638
											-0.42617	-1.19231	10.07480
											2.44687	-0.42138	10.24239
											-2.29843	0.33040	7.04374
											0.55545	0.18196	12.96221
											0.43096	0.43574	8.00142
											0.49799	0.18196	10.20409
											-0.06225	-0.09577	12.89996
											0.25379	-0.26336	7.05811
											0.82361	-0.40701	12.24874
											1.82438	-0.63686	9.26077
											1.57538	-0.69432	10.82658
											0.17238	0.40223	9.54329
											-1.10133	-1.34554	11.77947
>	11:20:24	51.134963	17.048795	113.90	18	27	29	0.01	6.30	39.50	1.18752	0.59376	14.45140
											1.13006	0.01437	6.68461
											1.18752	0.34477	13.30219
											1.33596	0.11971	9.16022
											0.35913	-0.16281	13.32613
											2.23140	-0.22505	7.40766
											-0.61770	0.02873	8.26000
											1.13006	-0.19632	11.25275
											1.72861	0.37828	17.96130
											-5.67426	0.11492	1.74777
											2.84431	-0.48842	11.58794
											-0.75657	-1.16837	16.11777
											-2.73418	-0.39744	4.26168
											0.60813	-0.12929	17.54471
											-0.97683	-0.48842	4.45322
											2.69108	-0.85712	10.18015
											-0.31603	-0.93374	13.78581
											1.21625	-0.78530	8.07325
											3.25133	-0.63207	12.87123
											-3.82115	-0.46926	4.37660
											3.62961	-1.02472	12.97657
											-1.54187	-0.76136	11.17613
											-1.23062	0.67038	9.19852
											-0.79487	0.22984	6.77080
											2.23618	0.15802	11.20486
											1.83396	-0.01915	13.42190
>	11:20:25	51.134969	17.048727	113.40	18	27	29	0.01	6.30	39.50	3.40455	-0.41180	11.18571
											-1.56581	-0.37350	11.13304
											-2.04465	0.35434	9.65821
											0.29688	0.41659	10.68772
											-0.08619	0.07183	9.15064
											1.26893	-1.08697	14.01566
											0.37828	-0.33519	8.53294
											1.36948	-0.85234	7.77158
											1.46525	-1.58496	10.81221
											0.58419	-1.01514	10.97502
											1.21625	-0.67995	9.68215
											0.08619	-1.47483	10.38126
											1.21625	-1.23062	9.20331
											-0.37350	-1.58496	10.92714
											0.07661	-1.20189	11.92791
											1.47962	-1.50835	11.34373
											-2.24097	-0.72305	8.59518
											-0.94810	0.00958	12.30620
											1.28808	0.12450	12.22001
											0.54109	-0.22984	9.49062
											0.52672	-0.10056	11.14261
											0.86670	0.58897	10.71645
											0.75178	1.11570	13.36922
											-1.35991	1.70946	-1.48919
											5.32949	-0.11971	20.52310
											-1.58017	1.10133	6.74207
>	11:20:26	51.134979	17.048683	112.90	16	25	26	0.01	6.30	39.40	1.53229	0.23942	12.16254
											1.01993	0.16281	10.00297
											0.29688	0.27294	12.81856
											-1.51314	-0.14365	9.35654
											0.87149	-0.63686	7.27358
											-0.47405	-1.63285	13.69483
											0.51715	-0.71347	13.37880
											-1.82917	0.10534	4.97994
											-0.31125	0.04310	11.02769
											1.00078	-0.20111	9.22246
											1.37906	0.04788	11.27190
											0.53151	-0.05267	12.10987
											0.81403	0.22027	6.64630
											1.55623	-0.02394	11.01333
											0.99120	-0.12929	12.16254
											0.87628	0.56503	9.43316
											0.29209	0.88107	11.77947
											-1.82917	0.86670	8.63828
											-1.05824	0.07183	8.93037
											1.33118	-0.67995	13.22557
											-0.53630	-1.19231	9.36612
											0.51236	-2.02071	7.88171
											1.66158	-1.33118	12.12424
											0.79009	-1.01035	10.41957
											2.22182	-0.54588	12.48337
											-0.26336	-0.01437	8.85376
>	11:20:27	51.134984	17.048613	113.60	16	25	26	0.01	6.20	39.50	0.25857	-0.55545	13.83370
											-1.53708	0.29209	4.74531
											2.50433	-0.58897	16.53436
											-0.01437	-1.17795	11.41077
											-2.47082	-0.76614	3.28963
											1.07739	0.08619	12.32535
											2.54743	-0.04310	12.96221
											0.39744	-0.38786	9.14585
											0.45969	0.06225	8.37492
											-0.22027	0.52672	13.91989
											0.05746	0.66080	10.45308
											0.61292	-0.21069	9.31823
											0.24421	-0.31603	11.27669
											-0.22505	0.11492	7.64229
											-1.00078	-0.38307	12.21522
											1.35512	-0.73741	9.29429
											2.46124	-0.29688	11.78905
											1.04387	-0.87149	12.94305
											-2.18351	-1.27372	7.88171
											1.72383	-0.64643	13.07234
											-2.35111	-1.00078	2.26970
											1.51792	-1.98240	16.14171
											1.80044	-1.48919	11.07079
											-1.06303	-0.36871	7.35499
											1.23541	-0.68474	11.06600
											0.79966	-0.29688	10.52012
>	11:20:28	51.134993	17.048551	114.10	16	25	26	0.01	6.30	39.40	-0.04310	-0.56982	6.61757
											-0.40223	-0.68953	11.75553
											-0.25379	-0.18196	8.76757
											1.28329	0.77093	12.49294
											0.65601	0.22505	8.20253
											-0.81882	0.32082	9.54329
											0.31125	0.30646	15.33726
											0.46448	0.21548	11.40598
											-0.45490	0.06225	4.87938
											2.38462	-0.19632	14.29817
											-0.48363	0.38786	8.04452
											2.29843	0.30167	10.63026
											0.20111	-0.22027	9.82580
											0.57461	-0.29688	8.13550
											0.68474	-0.44053	11.28148
											0.79487	-1.05824	13.48414
											-0.93853	-0.30646	5.29119
											-0.22984	-0.06225	13.22557
											-0.15802	0.16281	7.37893
											2.74376	-0.22984	12.17212
											0.80445	-0.28252	10.90319
											-0.92895	-0.20111	10.37168
											0.08619	-0.14844	8.92080
											0.73263	-0.50278	9.82580
											1.86748	-0.84755	17.29571
											-0.63207	-0.41659	4.80277
>	11:20:29	51.135000	17.048486	115.10	16	25	28	0.01	6.30	39.40	-0.18196	-0.97683	9.05966
											2.89698	-0.58419	11.14740
											0.94332	-0.34955	9.86411
											1.50356	-0.85712	12.10987
											-1.23541	-0.69911	8.29830
											0.25379	0.21548	11.68370
											-0.22505	-1.04387	10.57279
											1.41737	-1.47004	11.09952
											-1.58496	-1.07260	12.87123
											-0.84276	-0.37350	8.29351
											1.32160	-0.19632	10.30943
											-0.15802	-0.20111	7.69496
											2.86347	0.08140	11.19050
											2.08774	-0.84755	14.80095
											-1.76692	-0.08140	5.79397
											-0.30167	-0.26815	12.29662
											1.68552	-0.33040	8.78672
											1.58975	-0.40223	12.06678
											0.39744	-0.37350	9.79228
											-0.35913	0.66080	10.78827
											0.22984	0.31125	11.07558
											-0.73741	-0.08619	8.90643
											0.38786	-0.84755	8.67180
											1.91057	-0.95289	9.89763
											-0.85234	-1.31202	12.59350
											3.17471	-1.44610	12.97178
>	11:20:30	51.135005	17.048423	115.70	16	25	28	0.01	6.20	39.40	0.77572	-0.94810	14.30296
											-0.88107	-0.37350	8.21211
											1.14922	1.02951	10.51055
											0.62728	0.19154	9.83059
											0.48363	0.54109	13.60385
											1.12527	0.45969	9.32781
											-0.67038	-0.41659	8.34140
											0.95768	-0.19632	10.54885
											0.84755	-0.36871	9.82102
											0.83318	-0.21069	10.95587
											2.07817	-0.19154	11.01333
											1.01514	-0.24421	11.05642
											-0.72784	-0.41659	8.40844
											0.52194	0.61770	11.29584
											0.05267	0.94810	12.18170
											-2.20267	0.70390	9.47146
											1.76692	-0.01915	8.59040
											1.13964	-0.63207	13.34049
											-0.75178	-1.48919	7.79552
											2.04465	-1.07260	11.19050
											0.00000	-0.60334	12.64617
											0.13408	-0.08619	10.84095
											0.21548	0.41180	9.34218
											0.52194	0.77093	10.71645
											-0.03352	-0.05746	12.43548
											0.63686	-0.00958	9.24162
>	11:20:31	51.135010	17.048353	115.70	16	25	28	0.01	6.20	39.30	0.54109	-0.05267	10.87925
											0.63207	0.00479	7.69975
											1.41258	0.12929	11.14740
											0.48363	0.31125	7.23528
											2.17872	0.59855	10.78827
											1.03908	0.64643	13.21599
											-0.53151	0.91937	8.76757
											0.81403	0.71347	12.06199
											-1.79565	-0.04310	10.88883
											1.35033	-0.56503	9.67257
											-0.92416	-0.54109	9.15064
											1.69509	-1.67594	12.21043
											-0.29688	-1.95846	11.56399
											0.53151	-1.47483	9.25598
											1.79086	-1.12049	14.93503
											-1.33596	-1.39343	7.74285
											-0.18675	-1.13485	2.45645
											1.56102	-1.62327	16.81208
											2.42772	-1.33118	14.18804
											-2.88262	-0.09577	0.87628
											0.64165	0.24421	11.71243
											1.26414	0.58419	9.35654
											0.76614	0.89064	12.00932
											0.69911	0.49799	14.58069
											-0.93853	0.29688	5.69341
											0.39744	0.51715	7.71891
>	11:20:32	51.135018	17.048290	115.80	17	26	28	0.01	6.20	39.40	-0.43096	0.03831	9.68215
											-0.15323	-0.30167	12.74194
											-0.27773	-0.09098	9.55287
											0.94332	-0.82839	13.26867
											-0.90501	-1.26414	4.28562
											2.32716	-1.05824	13.68047
											1.11570	-1.20189	13.94862
											0.93374	-0.44053	7.69018
											1.74777	0.02873	9.62948
											-0.46926	-0.17717	11.36767
											-1.30245	-0.37828	13.53203
											-0.26336	-0.42138	6.36379
											0.73263	0.13886	9.79707
											1.42216	-0.44053	13.45063
											-0.16281	-0.02873	10.10832
											0.64643	0.59855	8.86812
											0.50757	1.13485	11.48259
											-0.06225	1.22104	5.85622
											1.38385	0.76614	14.54717
											0.36392	0.42617	3.59609
											1.73819	0.11492	13.09149
											-0.77093	0.22984	7.51300
											0.86191	1.23541	11.29106
											0.93853	0.30646	12.07635
											-0.88107	-0.94332	9.69173
											0.00479	-0.66080	9.65821
>	11:20:33	51.135023	17.048252	115.90	17	26	28	0.01	6.20	39.30	2.20267	-0.42138	14.19283
											-0.11971	-0.72305	10.75954
											0.69432	-1.37427	6.12916
											0.66080	-1.84832	12.62223
											0.54588	-1.27372	10.79306
											-1.06303	-1.19231	11.30063
											-1.92015	-0.87628	4.85065
											2.45166	0.36392	9.66779
											1.10133	0.24421	12.49773
											0.63207	0.25379	16.08425
											-1.79565	0.59376	2.68151
											2.29365	-0.33040	10.78827
											0.42138	-0.55067	12.20085
											3.58651	0.32082	13.46020
											-0.22027	0.96726	12.75152
											-1.38864	0.73263	-1.34075
											1.24498	1.23062	18.04749
											-1.72383	1.27372	7.03895
											-0.75657	0.31603	12.50252
											0.30646	-0.73263	7.08205
											0.01437	-1.39821	13.69483
											0.18196	-1.10133	8.31746
											2.65756	-1.04387	12.61744
											-3.50032	-1.02951	2.70066
											4.10845	-0.40223	14.78659
											2.11169	0.06704	11.79863
>	11:20:34	51.135032	17.048185	115.70	17	26	28	0.01	6.20	39.30	-0.20111	-0.53630	9.67736
											-0.08619	-0.24900	11.27669
											-0.87628	-0.08619	9.18895
											0.94810	-0.16281	8.50420
											2.12126	-0.80924	14.93982
											0.98641	-0.59855	4.25210
											0.82839	0.19632	6.78517
											0.47405	-0.88585	17.94215
											-1.36469	-0.22984	5.31034
											2.57616	0.35913	7.06289
											-0.71826	1.32639	11.15219
											0.33519	-0.22027	13.10107
											1.81959	-0.49799	17.36754
											-2.46603	0.11013	7.81946
											2.90656	-0.53630	11.04685
											-1.31681	-1.23062	18.11453
											-2.49955	-2.42772	7.92960
											1.23062	0.28252	2.62883
											-1.24977	1.40779	16.41944
											-0.89064	1.55144	-1.13964
											6.55054	-0.18196	18.44493
											-0.13408	-0.06704	10.97981
											-0.79009	0.71347	4.33351
											0.99599	-1.43652	12.21043
											-0.40223	-0.20590	9.29429
											1.92015	-0.58897	14.50407
>	11:20:35	51.135042	17.048138	115.70	18	27	28	0.01	6.20	39.20	1.65679	0.18675	10.65899
											-0.31603	1.15879	6.77080
											-0.50757	0.33519	11.76032
											0.62249	-0.48363	11.84172
											-0.77572	-0.41659	8.57603
											-2.61926	0.33040	10.44830
											0.37350	-0.35434	7.80031
											-0.20590	-1.28808	12.54562
											0.67038	-0.45969	10.97023
											1.50356	-0.45490	12.22001
											-0.11492	-0.35434	10.34295
											0.13886	0.61292	5.17626
											2.17872	1.10133	11.66934
											-0.01437	0.58897	12.79461
											0.62249	-0.77093	12.40197
											-0.46926	-0.38307	3.56257
											1.17795	-0.42617	12.18170
											-0.56024	-0.92895	12.12903
											-1.16837	-0.97683	7.99663
											0.23942	-0.67995	11.09952
											1.18752	0.78051	13.14896
											-0.69911	0.48842	8.58082
											1.12527	-0.60813	12.11466
											1.47004	-0.20590	9.31344
											2.97360	0.25857	10.27112
											0.41659	0.39744	9.48104
>	11:20:36	51.135045	17.048109	115.90	18	27	28	0.01	6.20	39.30	-1.02951	-0.79009	6.96234
											0.78051	-0.58419	14.44661
											0.63207	-0.40701	8.33661
											1.14922	-0.48363	14.66688
											-0.30646	-1.51792	10.21366
											0.87149	-0.11971	4.18028
											1.92015	-0.15323	14.05396
											-0.04788	-0.75657	11.98059
											-0.40701	-0.89064	10.49139
											0.07183	-1.13006	7.46033
											-1.19710	-0.48363	10.40520
											-0.79487	-0.04310	8.29351
											2.71024	0.72784	12.77546
											-0.22505	0.12450	9.68694
											2.84910	1.12527	12.68927
											0.88585	-0.64165	13.28303
											-3.58173	-0.68474	0.36871
											2.91614	-0.53630	10.29986
											1.66636	-1.07739	18.13847
											0.07183	-0.70868	6.75644
											0.98641	-1.46525	10.05565
											0.50757	-0.53151	8.65743
											-1.40779	-0.83797	14.25029
											0.56503	-1.34075	11.30542
											0.09577	-0.67995	12.82813
											-0.13886	0.11013	8.15944
>	11:20:37	51.135059	17.048064	116.10	18	27	28	0.01	6.20	39.20	2.35111	1.41258	15.49049
											0.62728	1.57060	12.73715
											-2.09732	-0.01437	2.00155
											1.87705	0.01915	14.44182
											-0.36871	1.32639	10.97981
											-0.10056	0.52672	9.94551
											-1.23541	0.15802	6.68940
											2.84431	-0.31603	9.72046
											1.22104	-0.12929	15.03559
											-0.21069	0.16759	6.35900
											0.71826	0.19632	11.40119
											1.59933	-0.49321	12.07635
											-0.33998	-1.10133	12.59829
											-0.20111	-1.13964	1.95367
											1.24498	-1.46046	17.44894
											-0.60334	-1.26414	8.82503
											1.95846	-1.10133	11.60230
											-0.94332	-1.08697	19.13446
											-1.46046	-0.98641	0.95289
											0.30646	0.49799	6.46434
											1.02951	-0.77093	19.59893
											-1.49877	-0.16759	4.98952
											3.26090	-0.50757	11.63103
											0.74220	-1.09176	10.81221
											0.14365	-1.45089	9.73961
											-2.40378	-0.15323	6.67982
>	11:20:38	51.135062	17.048010	115.50	17	26	28	0.01	6.20	39.20	1.36948	1.24020	10.28070
											-2.32238	1.35033	2.67193
											0.19632	0.32082	17.33881
											0.32082	0.36392	6.88094
											-0.51715	0.52672	11.60709
											-0.67516	-0.39744	13.26867
											-2.24576	-0.11492	5.07092
											2.02549	0.37350	9.69652
											1.39343	-0.46448	17.10418
											1.28329	-0.79487	3.32794
											1.06781	0.03352	12.89996
											-0.31125	0.44053	9.58160
											1.84832	0.01437	13.14417
											-1.36469	-0.93374	8.21690
											-0.74220	-2.89698	11.36767
											2.90177	-2.14999	11.23359
											-1.43652	-2.33674	11.12825
											-2.34153	-0.56024	6.86657
											1.50835	-0.42138	13.51287
											-0.29209	-0.09577	8.65743
											1.49877	0.49799	11.88482
											0.87149	0.67516	11.10431
											-0.73741	0.00479	10.14184
											0.61770	0.48842	11.03727
											-0.59376	0.91937	8.34140
											-0.22505	-0.04310	13.80497
>	11:20:38	51.135062	17.048010	115.50	17	26	28	0.01	6.20	39.20	-0.87628	-0.88585	2.15478
											-0.30167	-1.78607	15.23670
											0.70390	-1.99676	11.96622
											-0.27773	-1.47483	16.03157
											0.12450	-1.28808	3.62482
											3.07416	-1.47004	11.07079
											0.74220	-1.00556	9.38048
											0.46926	-0.60334	11.66455
											1.63763	-0.45969	13.03403
											0.70390	-0.35913	10.80264
											-2.06859	-0.30646	7.55131
											-0.25379	0.02394	10.80743
											-0.75657	-0.11492	10.74039
											0.67038	0.70390	8.23605
											0.14365	1.13006	13.64216
											0.38786	0.62249	8.87770
											0.19154	0.35913	9.11712
											0.81403	0.63207	12.20564
											0.50278	0.55067	11.34373
											1.15879	-0.10056	11.66934
											-0.72784	0.11971	8.85376
											-0.90980	0.10056	10.66856
											-0.66080	0.32561	7.01980
											1.18752	0.07661	11.04685
											0.37828	-0.24421	12.50252
											0.05267	-0.35913	8.14507
>	11:20:40	51.135076	17.047912	114.60	18	27	28	0.01	6.20	39.10	-1.37906	-0.75178	6.19619
											0.76136	-0.25379	12.64617
											0.01915	-0.39744	9.24641
											-0.71347	-0.59376	11.60709
											-0.67995	-0.55545	9.59596
											0.19632	-0.65601	10.85531
											0.37828	-0.91937	12.87602
											1.62806	-0.27294	9.27514
											1.13964	-0.02873	8.79630
											1.37427	-0.06225	8.08282
											0.90980	0.16281	11.05642
											0.88107	0.56024	10.87446
											0.04310	0.48842	7.76679
											0.68953	0.22505	11.41077
											-0.89543	0.03352	12.29183
											-1.32160	-1.07739	9.20331
											0.48842	-0.61292	14.39873
											-1.30723	-0.98162	4.76446
											5.21936	0.08140	13.57512
											-1.13485	-0.14844	11.49217
											-1.89142	-0.68953	7.41245
											2.58574	-0.23463	12.04762
											0.65122	0.56982	11.05642
											0.29209	0.23942	10.54885
											-0.79487	-0.16759	9.61511
											2.69108	0.20590	11.09952
>	11:20:41	51.135086	17.047888	114.70	18	27	28	0.01	6.20	39.10	-0.06225	-0.49321	10.95108
											0.07661	-0.76136	9.40442
											0.72305	-0.47884	10.95108
											1.10612	0.08619	11.47301
											0.70868	0.09577	10.38605
											1.59933	0.41659	10.80264
											0.07183	1.12527	11.82257
											0.23463	0.79487	8.74841
											0.29209	0.51236	10.94150
											-0.27294	0.07661	8.48984
											0.57940	-0.19632	11.66934
											0.22984	-0.47884	10.97981
											-0.20111	-1.31202	7.71412
											0.55067	-1.24977	10.65420
											0.58419	-0.31603	8.65265
											-0.74699	-0.50757	11.12346
											0.08619	-0.22027	9.21289
											0.23942	0.40223	9.39964
											1.25935	0.33519	10.72602
											-0.05746	-0.23463	11.92312
											0.28252	-0.60334	10.08438
											1.41737	-0.81403	9.33260
											0.67516	-0.47884	11.79384
											0.61292	-0.18196	10.12268
											0.60334	-0.24421	9.75877
											0.60334	0.25857	7.68539
>	11:20:42	51.135094	17.047837	115.00	18	27	28	0.01	6.20	39.10	0.40701	0.49799	10.86010
											-0.70868	-0.03352	11.16656
											-0.62249	-0.22984	10.31901
											0.55545	-0.79966	9.38527
											-1.42216	-0.45969	7.73806
											1.35033	-0.24900	14.59984
											0.66080	-0.50757	8.64307
											2.10211	-0.76136	10.60153
											0.09098	-1.09176	10.58237
											1.10612	-0.52672	9.63906
											-0.90501	-0.97683	8.50420
											0.34955	-2.07338	11.66934
											0.67516	-2.58095	9.53371
											0.62728	-1.56581	9.25119
											0.41180	0.20111	10.69729
											-0.28730	0.94332	10.81700
											-0.70868	1.98719	6.83305
											2.10690	2.25534	12.15297
											1.59933	1.88663	10.36211
											-0.42617	0.74699	7.98227
											0.73741	-0.31603	13.05319
											1.33118	-0.61292	11.00854
											-0.29209	-0.50278	9.83538
											-0.18675	-0.45969	9.01178
											0.32082	-0.04310	14.40831
											-0.77572	-0.27773	11.18571
>	11:20:43	51.135104	17.047799	115.40	18	27	28	0.01	6.20	39.00	-0.59376	-0.62249	8.66222
											0.34955	-0.26815	9.70609
											-1.72383	-0.61292	9.64384
											1.80523	0.07183	12.33493
											-0.74220	0.33998	7.87214
											0.89064	0.42138	11.84172
											1.72861	-0.67516	12.77546
											-1.00556	-1.42694	6.80911
											0.75657	-1.07260	9.68694
											3.13162	-0.62728	11.60230
											0.10534	-0.19632	12.58871
											0.15323	-0.56503	11.31979
											-0.99120	0.19154	3.48596
											-1.17316	-0.47884	5.32949
											0.20590	-0.52672	12.37802
											1.52271	-0.34477	15.18403
											-0.93853	0.17717	8.03973
											0.21069	0.86191	11.72680
											0.32561	0.55545	11.98059
											0.55545	-0.00958	12.23437
											2.30801	-0.43574	7.64229
											1.98240	-0.73263	9.57202
											0.48363	-0.85234	12.79461
											-1.00078	-0.73263	9.74440
											-0.42617	-1.28808	9.76834
											0.31603	-1.03430	7.61835
>	11:20:44	51.135114	17.047744	115.50	18	27	28	0.01	6.10	39.10	1.79565	0.57940	11.06600
											0.98162	0.45490	9.91199
											2.08774	0.16281	13.04840
											-3.34709	0.93374	0.35913
											1.88663	0.26336	16.81208
											-0.91937	-0.17238	10.43393
											-0.95289	-0.38307	9.42358
											0.77093	-1.13964	11.94707
											-0.38786	-0.93853	10.63026
											0.34955	-0.58419	10.30943
											1.11091	-0.73741	11.84172
											0.76614	-0.57940	12.28704
											0.67995	0.19632	6.79474
											0.36871	0.68474	12.03805
											0.40701	0.19154	13.32134
											0.66080	-0.33040	9.86890
											-1.27850	-1.18752	7.43160
											0.35913	-0.73741	11.29106
											-0.09577	-0.38786	7.79073
											-0.14844	-1.93451	7.65187
											3.00712	-0.14844	15.27980
											1.15879	0.90501	12.95263
											-1.99198	0.15323	6.02381
											2.17872	-0.24900	12.70363
											1.33118	-0.13886	13.61822
											0.86670	-0.01437	7.34062
>	11:20:45	51.135128	17.047707	115.30	18	27	28	0.01	6.10	39.00	2.78685	-0.53630	10.88404
											0.33998	-0.33040	13.37401
											0.40223	0.51236	11.78905
											1.13964	0.00958	11.55442
											2.20267	0.20111	5.12359
											2.02071	-0.77572	16.10340
											-0.00479	-0.46926	9.37091
											-0.43574	-0.67038	8.34619
											0.76614	-1.10133	10.44830
											0.51236	-1.38385	13.55118
											-1.56102	-1.49877	8.89685
											-1.20189	-0.61770	8.44196
											3.50990	0.36871	12.46900
											-3.11725	1.26414	5.92325
											1.92015	0.36392	13.67568
											3.12683	0.43574	9.76355
											1.83875	0.07661	10.13226
											0.77093	0.02394	9.05487
											1.61369	-0.18675	9.63906
											0.31125	-0.51715	12.23916
											0.43096	-0.24421	11.10910
											-1.43173	0.01437	10.42914
											-2.81079	-0.26815	7.07247
											-0.61770	-0.06225	10.80743
											1.51792	-0.78530	11.71243
											-0.96247	-1.37906	9.90242
>	11:20:46	51.135139	17.047666	115.00	17	27	28	0.01	6.10	39.00	-0.35913	-1.98719	11.35809
											-0.90022	-0.55067	6.91924
											0.86191	0.31125	4.25210
											1.85790	1.14922	15.08826
											1.09176	1.88184	9.73004
											1.59454	0.22984	14.81053
											-0.96726	-0.13886	9.57202
											2.11169	-0.69911	2.18830
											0.11971	0.55067	12.64617
											3.32315	0.47405	16.61097
											-0.37350	0.84755	7.19218
											0.34955	0.33998	4.35266
											-1.68073	0.25857	17.45852
											-1.82917	0.26815	9.23683
											-1.45089	-0.67516	4.84586
											2.74376	-1.14443	17.11375
											-0.73263	-0.33040	5.70299
											2.73418	-0.09098	15.79215
											-0.51715	0.63686	8.96389
											1.87705	-0.65601	9.40442
											-0.16281	-1.13485	7.00543
											0.10056	-0.36392	10.06044
											1.05824	-0.00479	11.09473
											0.08619	-0.04788	10.80743
											-0.69432	-0.88107	9.42837
											1.63285	-0.33519	15.20797
>	11:20:47	51.135145	17.047600	114.10	17	27	28	0.01	6.10	39.00	1.49877	0.05746	16.04594
											0.54109	0.04310	8.67180
											1.68073	0.67038	10.24239
											-0.26336	0.55545	16.51041
											-1.39343	0.81403	3.68228
											-0.51236	-0.06704	13.14896
											0.30646	-0.43096	12.35887
											-0.48363	-0.59855	10.77391
											2.11647	-0.84755	8.40844
											0.21548	-0.56024	8.60476
											3.57215	-1.63285	11.36767
											0.37828	-2.29843	10.66856
											-0.88585	-0.89543	10.80264
											0.69911	0.27773	7.88650
											-1.12527	0.15802	11.56399
											-0.64643	0.54588	8.93995
											-0.05746	0.83318	11.19529
											-0.61292	0.18196	10.52491
											-0.61770	-0.08140	9.43316
											1.18274	0.08619	11.29584
											1.17795	0.47405	10.26634
											0.79009	0.95289	10.10353
											1.06781	0.36392	12.99573
											-1.51314	0.07183	8.66701
											1.23541	-0.19632	9.11712
											-0.82839	-0.64643	11.99495
>	11:20:48	51.135150	17.047541	114.00	17	27	28	0.01	6.10	38.90	1.12527	-0.31125	5.53539
											0.47405	0.31125	16.63491
											0.16281	0.71826	7.77637
											0.44053	0.69432	11.84651
											0.75178	0.76136	7.58004
											1.15401	0.10534	12.31577
											1.73340	-0.28252	10.02692
											-1.55144	-0.88585	12.78504
											2.78206	-0.91459	8.69095
											-0.64643	-1.13964	10.48182
											-2.59053	-0.95768	9.42358
											0.51236	0.37828	11.54963
											-0.51715	-0.11971	7.10120
											-0.93853	-0.25857	11.31021
											2.49955	-0.27773	11.67892
											0.81882	-0.87628	10.06044
											1.61848	-0.80445	11.32936
											2.10211	-0.93374	11.10910
											1.11091	-1.23062	6.20577
											-0.83318	-0.97205	12.05241
											2.60489	-0.35434	13.42190
											-0.94810	-0.27294	10.24239
											-3.85466	-0.68474	8.44196
											-0.07661	-0.07183	13.80018
											0.14365	-0.44053	4.95121
											2.46603	-0.59376	16.09861
>	11:20:49	51.135156	17.047479	113.90	19	28	31	0.01	6.10	39.00	-1.70946	-1.03908	7.82904
											1.29766	-0.11013	10.08438
											-0.82361	-0.04310	8.43717
											2.21703	-0.70868	18.04270
											-3.98395	0.27294	3.92170
											5.02304	-0.10534	12.73236
											1.25935	-1.09654	11.39640
											-2.36547	-0.22505	4.66391
											3.80199	1.32639	15.07389
											0.17238	0.37828	6.78038
											0.65601	0.18196	11.37725
											1.25456	0.99120	13.30697
											-2.51870	1.14443	10.27591
											-0.11013	0.28252	6.24887
											0.18675	-0.14365	17.21431
											-0.71347	-0.17717	5.96635
											3.17471	0.74220	10.29028
											0.02394	-0.09098	13.35486
											0.97683	-0.80445	7.51779
											1.50835	-0.50278	11.99495
											0.51236	-0.40223	11.48259
											-0.61770	-0.34477	7.35978
											1.52750	-0.68953	12.98615
											-0.46448	-0.63686	8.32224
											0.85712	-0.80445	11.53526
											0.36871	-0.64643	13.26867
>	11:20:50	51.135157	17.047387	114.20	19	28	31	0.01	6.10	39.00	0.63686	0.71347	10.34295
											-0.14365	-0.25379	12.79461
											1.00556	-0.50757	7.98227
											1.47004	-0.14844	6.57927
											0.90022	0.00479	12.61744
											-1.36948	-0.02394	12.03805
											-1.68552	-0.73263	7.07247
											0.88585	-0.06225	12.31577
											1.34554	-0.44532	10.74039
											1.22104	-0.36392	10.67335
											0.15323	-0.44532	13.04361
											-0.03352	-0.48842	8.03494
											-0.25379	-0.17717	9.31344
											0.24900	-0.55067	14.77222
											-0.41180	-0.67995	8.66222
											0.86191	-1.06781	9.41400
											0.18675	-2.16436	11.71243
											0.11971	-2.28407	10.27591
											-0.21548	-1.99198	9.15064
											0.43096	-0.39744	8.74841
											0.15802	0.81882	9.93115
											1.65200	0.92416	13.84806
											-0.21548	0.62728	8.20253
											0.76614	0.68953	8.36534
											0.93853	0.58897	10.56322
											1.96325	0.33040	12.18170
>	11:20:51	51.135165	17.047338	113.90	19	28	31	0.01	6.10	39.00	-0.52672	0.08140	10.63983
											0.31125	-0.24421	10.05086
											0.24421	-0.16759	13.04361
											-0.51236	-0.23942	9.46189
											0.33040	-0.11492	8.69574
											1.35512	-0.17717	11.29106
											0.41180	0.03352	8.82024
											0.87628	-0.29209	11.51132
											0.94810	-0.64643	10.65899
											-0.29209	-0.74699	9.01656
											-0.08619	-0.13408	15.00686
											-1.79565	0.54109	4.66869
											2.48997	0.88585	12.52646
											-0.55067	0.01437	10.42435
											-0.47884	0.08619	11.54005
											0.70868	-0.29209	12.00932
											1.02951	-0.23942	9.39006
											1.90100	-0.00479	10.76433
											0.17238	0.07183	10.00776
											0.65601	-0.45969	10.06522
											1.24498	-0.20111	12.66533
											-2.53307	0.56503	5.90410
											1.48441	0.22505	11.22402
											-0.44532	-0.40701	10.76912
											-0.27773	-0.37350	11.89439
											-0.19632	-0.02394	9.48104
>	11:20:52	51.135165	17.047259	114.70	19	29	31	0.01	6.10	39.00	-0.42617	-1.85790	6.33506
											0.90980	-2.08296	10.86489
											2.19309	-2.28407	12.35887
											-2.84431	-1.31681	5.12359
											0.05746	0.02394	10.64462
											0.25857	1.35991	11.96143
											2.59053	1.89142	12.54083
											0.37828	1.43652	7.62793
											0.42138	0.56982	11.85609
											1.20189	1.17316	8.49942
											-1.13006	0.20111	13.05319
											-1.00556	0.03352	6.66546
											2.85389	-0.15323	15.02122
											-1.43652	-0.45490	10.56801
											-1.22104	-0.43096	8.65265
											0.25379	-0.08619	10.19451
											0.54588	-0.09098	10.44830
											1.37427	-0.14365	11.29106
											1.83396	-0.72305	13.38359
											-0.48842	-1.18752	7.47470
											2.22182	-0.31125	9.28471
											-0.28252	-0.52672	10.97502
											2.37505	-1.63285	13.30697
											-1.60890	-2.53785	8.04452
											1.27372	-1.32639	8.07325
											-0.69911	-0.08140	7.40766
>	11:20:53	51.135172	17.047191	114.70	19	29	31	0.01	6.10	39.00	2.79164	0.11013	10.67335
											0.60813	0.10534	10.59674
											1.43173	-0.01437	10.22324
											0.17238	-0.05746	12.65096
											0.92416	0.05267	8.60476
											-2.37984	0.09577	5.87058
											-1.00556	-0.85234	12.43548
											-0.15802	-1.07739	12.03326
											1.44131	-0.20590	9.78750
											0.75657	-0.04310	12.02847
											-0.80924	0.24900	6.83305
											5.06613	0.07183	13.32613
											0.41180	-1.75734	13.78102
											1.57538	-0.51715	4.30477
											1.10133	-0.67995	12.00932
											-0.96247	0.02873	9.57202
											-0.42138	-0.78051	16.26142
											-1.32639	-0.03352	7.27837
											-1.64721	0.07183	6.14352
											1.86269	0.35434	15.63414
											-0.72784	0.71347	8.59518
											0.88585	-0.39744	9.68215
											2.33195	-0.07183	12.31577
											0.64165	0.30646	7.57047
											1.76213	0.57461	9.72525
											0.56024	0.31603	13.46499
>	11:20:54	51.135177	17.047122	114.00	19	29	31	0.01	6.10	39.00	-0.82839	-0.63686	10.78348
											1.16837	-0.74699	9.00699
											0.23942	-0.57461	10.15141
											0.59855	-0.55067	8.77714
											2.14042	0.09577	13.06276
											0.43574	-0.12929	11.73159
											0.58419	-0.98641	9.93594
											0.31603	-0.67995	7.43160
											-0.04310	-0.90022	10.89362
											0.76136	-1.01993	12.54562
											-0.37350	-0.92416	13.09149
											0.05267	0.20590	7.95833
											-0.07661	-0.25857	10.09395
											-0.68474	-0.39265	12.42112
											0.29688	-0.17717	12.78504
											-0.03831	0.46448	8.54730
											1.63763	-0.19154	11.55921
											1.99676	-0.79966	9.33260
											1.77650	-0.08619	13.60864
											-0.70868	0.13886	6.48829
											1.25935	-0.34477	12.12903
											-1.55623	0.56982	7.46512
											1.55623	0.22984	11.78426
											0.11971	-0.22505	14.22156
											-5.00867	0.76614	-0.25379
											5.58807	0.89064	14.11142
>	11:20:55	51.135183	17.047054	114.00	19	30	32	0.01	6.10	39.10	-1.53708	-1.30245	12.21522
											0.43096	-0.89064	14.26944
											-1.05345	-0.23463	9.19373
											0.45011	-0.11013	7.74285
											1.11091	-0.04788	12.91911
											0.00000	0.99599	6.62715
											0.67516	-0.27294	13.32613
											2.99754	0.07661	7.72369
											1.88663	-0.72784	13.94383
											-1.24020	-1.22104	9.18895
											0.09577	-0.78051	6.86657
											-0.26815	-1.10133	13.37880
											1.09176	-0.91459	7.59920
											0.90501	-0.67995	14.45619
											-2.48518	-0.47405	9.43316
											1.50356	-0.30167	11.28627
											-0.79966	-0.02394	13.55597
											0.34955	-0.81882	8.99741
											0.69911	-0.30646	9.03093
											1.82438	-1.40300	16.94616
											0.51236	-0.86670	7.04374
											0.81882	-0.22027	6.63194
											-0.31125	-1.65679	12.32535
											-0.22984	-1.79086	4.70221
											0.58897	-1.04387	9.54329
											2.79164	-0.40223	13.78581
>	11:20:56	51.135191	17.046988	113.30	19	30	32	0.01	6.10	39.10	0.26336	-0.19632	8.10677
											2.48997	0.43574	12.36845
											-1.32639	0.15323	9.05008
											-1.28808	-0.45011	12.87602
											-1.34075	-0.09098	4.50110
											0.56503	1.16358	11.16177
											-0.14844	0.19632	13.81933
											-0.18196	0.13408	6.18183
											0.08619	0.06704	10.42914
											1.56581	-0.21548	10.88883
											-0.62728	-0.92895	9.53850
											1.08697	-1.01514	10.51055
											-0.24900	-0.68953	11.74595
											-0.35913	0.00958	7.39808
											1.05824	-0.23463	13.28782
											1.06781	0.41659	12.84729
											0.75657	0.59855	6.41646
											0.00958	-1.20189	9.98861
											-0.49321	-1.21147	12.94784
											0.06225	-0.57461	9.38527
											0.13886	-0.47884	10.07480
											1.66158	-0.31125	13.22557
											-1.81959	-0.67516	8.83939
											2.08296	0.05267	15.41387
											0.55067	-0.47405	8.92080
											1.58017	-0.45490	9.81144
>	11:20:57	51.135204	17.046933	113.10	19	30	32	0.01	6.10	39.10	0.83318	0.49799	13.71878
											-1.40779	-0.54588	9.90242
											1.64242	-0.17238	12.06678
											0.06225	0.09577	11.31979
											0.26336	0.35434	8.61913
											1.54187	-1.01993	10.95587
											2.43730	-1.15879	9.12191
											1.95367	-1.69031	14.45140
											1.04866	-0.61770	12.94305
											-3.75890	-1.06781	6.79474
											-1.21147	-0.04310	0.77093
											1.79086	-0.35434	14.41788
											2.34632	-1.40779	20.17354
											-2.69108	-0.17238	3.56257
											0.18196	0.38786	12.56956
											0.67995	1.25935	2.23140
											1.23062	0.13886	17.72188
											2.04465	0.30167	7.52737
											1.87227	0.94810	11.86566
											0.60813	1.81480	9.57202
											0.71347	0.04310	13.63258
											-6.22492	0.44053	3.26569
											3.76847	-0.35434	9.03572
											1.96325	-0.69432	17.38190
											-2.26013	-0.12929	9.65821
											-1.96803	-1.13485	9.79707
>	11:20:58	51.135213	17.046870	113.60	19	29	30	0.01	6.10	39.10	1.02951	-0.06704	12.95742
											-1.56581	0.89064	4.75010
											0.26336	0.88585	14.35085
											-1.13485	0.41180	11.10910
											0.02873	0.60813	10.98939
											1.51792	0.27773	10.19451
											0.81882	-0.58419	10.99896
											1.99198	-0.77572	10.59195
											1.14443	0.46448	9.66779
											0.95289	0.40701	11.70765
											1.13964	0.04310	9.90721
											-1.22104	-0.19632	10.29986
											-0.62249	-0.01915	8.90643
											0.31603	0.81403	12.51689
											0.37350	0.50278	9.87848
											0.32082	0.13408	13.10107
											-2.98796	0.33040	7.07247
											0.92895	-0.13408	10.01734
											1.69509	-0.30646	11.11867
											0.53151	-1.07739	10.78348
											1.45089	-2.72460	9.70131
											2.38941	-3.42371	14.72434
											-0.99599	-3.03585	7.76679
											1.77650	-2.09253	6.36379
											0.90501	-1.86269	15.54795
											-0.45969	-0.57461	8.51378
>	11:20:59	51.135221	17.046807	113.60	19	30	30	0.01	6.10	39.20	-0.24421	-0.32561	11.99495
											1.79565	-0.70868	11.12346
											-0.20111	-0.54109	9.04051
											1.66636	-0.73741	7.03895
											1.37427	-0.61770	12.69406
											-1.31681	-0.67038	13.46020
											1.74777	-1.20668	11.69807
											0.39265	-0.46448	10.74039
											-4.20422	-0.33040	6.68461
											0.99120	-0.02394	10.40999
											1.75256	-0.19154	12.87602
											1.97282	-0.87628	9.33260
											-0.59855	-0.80445	5.94241
											2.35111	-0.66559	13.30697
											-0.21069	-0.52194	14.35563
											-1.16837	0.86670	0.47405
											2.49955	-1.24977	13.71878
											-0.98162	-0.51715	6.08606
											3.23696	-0.78530	16.70195
											-0.85234	-0.24421	7.27358
											0.55545	1.00556	8.16902
											1.77171	-0.51236	14.37000
											-0.29209	0.02394	11.44907
											-0.57461	-0.11013	10.40520
											0.75657	-0.38786	5.99987
											0.83797	-1.25456	16.07946
